0 24
1 19
2 27
3 23
4 17
5 33
6 6
7 15
8 30
9 18
10 17
11 22
12 19
13 19
14 12
15 19
16 25
17 16
18 15
19 9
20 27
21 13
22 9
23 21
24 17
25 21
26 23
27 34
28 17
29 25
30 18
31 27
32 16
33 27
34 22
35 16
36 10
37 27
38 12
39 26
40 16
41 15
42 13
43 26
44 16
45 8
46 9
47 18
48 23
49 19
50 12
51 20
52 9
53 12
54 22
55 19
56 18
57 16
58 9
59 10
60 13
61 12
62 18
63 11
64 15
65 28
66 19
67 26
68 35
69 11
70 22
71 17
72 24
73 17
74 27
75 25
76 19
77 18
78 38
79 22
80 16
81 28
82 24
83 25
84 18
85 12
86 15
87 41
88 14
89 34
90 19
91 26
92 18
93 18
94 25
95 20
96 18
97 25
98 24
99 27
100 24
101 15
102 22
103 41
104 24
105 29
106 22
107 20
108 27
109 10
110 9
111 27
112 12
113 18
114 24
115 10
116 37
117 11
118 6
119 19
120 27
121 32
122 14
123 11
124 8
125 20
126 9
127 29
128 16
129 21
130 11
131 27
132 28
133 29
134 13
135 29
136 20
137 18
138 22
139 15
140 31
141 27
142 26
143 26
144 25
145 18
146 8
147 31
148 21
149 18
150 28
151 8
152 9
153 19
154 8
155 11
156 10
157 9
158 16
159 17
160 7
161 14
162 13
163 25
164 20
165 22
166 27
167 21
168 18
169 18
170 24
171 16
172 13
173 20
174 22
175 20
176 24
177 36
178 20
179 29
180 23
181 17
182 20
183 30
184 19
185 30
186 26
187 25
188 32
189 8
190 27
191 18
192 9
193 33
194 15
195 11
196 13
197 23
198 18
199 27
200 23
201 27
202 28
203 13
204 30
205 31
206 25
207 16
208 16
209 25
210 28
211 18
212 25
213 15
214 14
215 18
216 15
217 19
218 23
219 39
220 12
221 24
222 21
223 25
224 24
225 34
226 20
227 21
228 19
229 12
230 17
231 25
232 28
233 23
234 22
235 30
236 13
237 22
238 29
239 23
240 31
241 24
242 19
243 29
244 24
245 24
246 14
247 15
248 16
249 13
250 18
251 15
252 21
253 14
254 11
255 11
256 15
257 25
258 14
259 15
260 16
261 12
262 16
263 14
264 9
265 11
266 11
267 14
268 10
269 22
270 15
271 11
272 12
273 13
274 22
275 14
276 14
277 24
278 18
279 19
280 8
281 16
282 13
283 15
284 13
285 17
286 18
287 12
288 24
289 22
290 20
291 20
292 6
293 20
294 12
295 7
296 19
297 3
298 15
299 5
300 10
301 15
302 26
303 12
304 11
305 10
306 11
307 16
308 22
309 14
310 17
311 5
312 11
313 12
314 6
315 22
316 18
317 6
318 10
319 12
320 10
321 23
322 12
323 22
324 11
325 14
326 17
327 19
328 17
329 21
330 13
331 17
332 10
333 15
334 14
335 22
336 14
337 19
338 9
339 10
340 14
341 7
342 10
343 10
344 18
345 13
346 18
347 10
348 25
349 15
350 15
351 25
352 5
353 15
354 18
355 8
356 7
357 16
358 11
359 6
360 9
361 11
362 12
363 13
364 10
365 10
366 5
367 19
368 14
369 14
370 12
371 21
372 17
373 9
374 7
375 9
376 15
377 5
378 4
379 19
380 10
381 5
382 18
383 15
384 23
385 11
386 5
387 12
388 30
389 8
390 18
391 26
392 25
393 2
394 19
395 16
396 12
397 10
398 22
399 13
400 8
401 11
402 8
403 15
404 3
405 15
406 6
407 13
408 26
409 12
410 12
411 10
412 12
413 15
414 10
415 12
416 9
417 10
418 13
419 7
420 15
421 18
422 8
423 28
424 16
425 17
426 25
427 13
428 11
429 17
430 5
431 20
432 16
433 19
434 14
435 6
436 7
437 11
438 17
439 21
440 19
441 15
442 19
443 19
444 11
445 18
446 13
447 15
448 12
449 14
450 13
451 11
452 17
453 8
454 10
455 16
456 16
457 14
458 21
459 18
460 7
461 11
462 16
463 17
464 15
465 12
466 8
467 20
468 13
469 10
470 14
471 13
472 14
473 13
474 17
475 22
476 13
477 13
478 15
479 17
480 14
481 19
482 7
483 3
484 15
485 15
486 17
487 15
488 18
489 17
490 4
491 7
492 6
493 12
494 26
495 14
496 6
497 15
498 16
499 13
500 12
501 22
502 11
503 14
504 23
505 17
506 14
507 23
508 23
509 9
510 17
511 15
512 22
513 10
514 7
515 14
516 13
517 5
518 15
519 14
520 15
521 10
522 6
523 20
524 21
525 19
526 14
527 26
528 15
529 17
530 17
531 19
532 18
533 7
534 6
535 8
536 16
537 14
538 11
539 15
540 14
541 12
542 15
543 11
544 9
545 11
546 20
547 19
548 24
549 15
550 26
551 11
552 20
553 17
554 18
555 22
556 12
557 17
558 11
559 17
560 17
561 10
562 12
563 15
564 12
565 16
566 13
567 18
568 15
569 6
570 14
571 9
572 6
573 6
574 26
575 13
576 20
577 6
578 16
579 14
580 15
581 11
582 16
583 21
584 18
585 15
586 19
587 14
588 16
589 28
590 19
591 13
592 20
593 27
594 21
595 18
596 16
597 9
598 13
599 10
600 21
601 19
602 15
603 23
604 10
605 28
606 10
607 11
608 13
609 11
610 17
611 8
612 15
613 19
614 5
615 19
616 12
617 19
618 18
619 22
620 23
621 9
622 9
623 11
624 25
625 17
626 13
627 11
628 4
629 14
630 24
631 14
632 22
633 23
634 4
635 12
636 10
637 17
638 12
639 12
640 12
641 5
642 11
643 22
644 24
645 15
646 15
647 17
648 19
649 24
650 17
651 17
652 11
653 10
654 13
655 21
656 12
657 16
658 9
659 14
660 9
661 11
662 30
663 19
664 17
665 19
666 9
667 17
668 9
669 20
670 18
671 11
672 21
673 13
674 10
675 12
676 22
677 16
678 27
679 17
680 15
681 13
682 13
683 19
684 12
685 15
686 10
687 10
688 11
689 15
690 13
691 9
692 8
693 25
694 26
695 6
696 17
697 21
698 16
699 18
700 11
701 12
702 12
703 11
704 12
705 22
706 18
707 14
708 4
709 17
710 23
711 14
712 9
713 15
714 9
715 14
716 15
717 21
718 14
719 14
720 28
721 15
722 24
723 20
724 17
725 22
726 12
727 16
728 18
729 13
730 16
731 19
732 19
733 15
734 7
735 17
736 19
737 26
738 9
739 15
740 8
741 20
742 4
743 16
744 23
745 17
746 6
747 19
748 15
749 13
750 9
751 22
752 10
753 12
754 22
755 22
756 18
757 23
758 23
759 16
760 20
761 30
762 10
763 11
764 14
765 9
766 25
767 17
768 9
769 19
770 20
771 22
772 22
773 17
774 13
775 8
776 23
777 23
778 27
779 21
780 21
781 16
782 15
783 22
784 16
785 25
786 4
787 10
788 26
789 23
790 18
791 18
792 14
793 25
794 21
795 16
796 18
797 15
798 15
799 16
800 27
801 14
802 13
803 15
804 27
805 17
806 21
807 16
808 11
809 14
810 15
811 11
812 13
813 18
814 17
815 25
816 32
817 34
818 12
819 23
820 14
821 17
822 7
823 12
824 14
825 18
826 24
827 18
828 11
829 18
830 18
831 14
832 9
833 24
834 15
835 15
836 25
837 13
838 10
839 19
840 13
841 7
842 12
843 16
844 18
845 24
846 22
847 11
848 17
849 13
850 19
851 20
852 22
853 14
854 16
855 14
856 13
857 15
858 21
859 9
860 12
861 23
862 12
863 13
864 17
865 21
866 18
867 23
868 21
869 14
870 15
871 28
872 18
873 17
874 27
875 11
876 12
877 12
878 6
879 25
880 14
881 10
882 25
883 20
884 10
885 12
886 11
887 7
888 20
889 15
890 9
891 27
892 20
893 15
894 18
895 9
896 14
897 16
898 5
899 17
900 26
901 14
902 13
903 11
904 5
905 17
906 6
907 18
908 15
909 9
910 9
911 29
912 15
913 15
914 15
915 21
916 11
917 12
918 19
919 22
920 13
921 9
922 21
923 12
924 26
925 15
926 19
927 20
928 17
929 13
930 18
931 32
932 24
933 20
934 26
935 21
936 23
937 17
938 25
939 13
940 11
941 13
942 19
943 14
944 23
945 10
946 10
947 32
948 12
949 20
950 11
951 8
952 12
953 13
954 21
955 6
956 11
957 12
958 14
959 16
960 15
961 26
962 34
963 14
964 19
965 7
966 25
967 16
968 16
969 24
970 15
971 11
972 22
973 16
974 22
975 11
976 14
977 15
978 18
979 19
980 27
981 12
982 15
983 10
984 14
985 23
986 27
987 9
988 11
989 20
990 17
991 8
992 18
993 18
994 28
995 16
996 31
997 10
998 9
999 11
1000 10
1001 17
1002 14
1003 20
1004 16
1005 12
1006 22
1007 8
1008 18
1009 21
1010 17
1011 14
1012 21
1013 42
1014 18
1015 15
1016 12
1017 30
1018 25
1019 22
1020 10
1021 17
1022 26
1023 14
1024 10
1025 11
1026 10
1027 13
1028 14
1029 11
1030 19
1031 12
1032 10
1033 23
1034 3
1035 9
1036 13
1037 6
1038 12
1039 12
1040 24
1041 7
1042 27
1043 11
1044 13
1045 14
1046 21
1047 12
1048 14
1049 7
1050 27
1051 15
1052 15
1053 25
1054 9
1055 12
1056 28
1057 21
1058 17
1059 14
1060 18
1061 13
1062 10
1063 26
1064 22
1065 20
1066 23
1067 18
1068 15
1069 24
1070 21
1071 16
1072 21
1073 13
1074 24
1075 22
1076 14
1077 13
1078 13
1079 15
1080 9
1081 8
1082 11
1083 8
1084 16
1085 13
1086 14
1087 16
1088 14
1089 19
1090 18
1091 10
1092 15
1093 19
1094 7
1095 25
1096 21
1097 16
1098 6
1099 15
1100 8
1101 19
1102 20
1103 23
1104 11
1105 8
1106 12
1107 26
1108 30
1109 20
1110 13
1111 2
1112 9
1113 20
1114 19
1115 14
1116 17
1117 25
1118 12
1119 17
1120 13
1121 6
1122 8
1123 22
1124 19
1125 17
1126 18
1127 12
1128 9
1129 10
1130 14
1131 18
1132 20
1133 12
1134 15
1135 21
1136 21
1137 15
1138 18
1139 13
1140 22
1141 13
1142 13
1143 11
1144 13
1145 14
1146 22
1147 10
1148 13
1149 14
1150 15
1151 24
1152 8
1153 19
1154 10
1155 24
1156 22
1157 14
1158 13
1159 18
1160 21
1161 17
1162 15
1163 13
1164 9
1165 21
1166 19
1167 26
1168 11
1169 8
1170 14
1171 14
1172 16
1173 10
1174 10
1175 9
1176 14
1177 19
1178 17
1179 12
1180 10
1181 15
1182 14
1183 14
1184 13
1185 26
1186 18
1187 10
1188 23
1189 15
1190 10
1191 23
1192 19
1193 15
1194 12
1195 11
1196 9
1197 14
1198 16
1199 20
1200 21
1201 17
1202 15
1203 10
1204 23
1205 6
1206 12
1207 21
1208 22
1209 15
1210 21
1211 11
1212 14
1213 14
1214 16
1215 25
1216 24
1217 18
1218 14
1219 9
1220 13
1221 10
1222 13
1223 12
1224 20
1225 14
1226 22
1227 11
1228 26
1229 27
1230 14
1231 10
1232 12
1233 10
1234 4
1235 12
1236 14
1237 19
1238 9
1239 19
1240 17
1241 18
1242 20
1243 10
1244 15
1245 22
1246 11
1247 9
1248 22
1249 11
1250 9
1251 13
1252 22
1253 18
1254 7
1255 9
1256 18
1257 13
1258 14
1259 14
1260 9
1261 17
1262 14
1263 21
1264 13
1265 7
1266 1
1267 20
1268 8
1269 20
1270 11
1271 23
1272 20
1273 11
1274 15
1275 16
1276 8
1277 22
1278 20
1279 22
1280 29
1281 19
1282 14
1283 18
1284 16
1285 20
1286 16
1287 9
1288 14
1289 11
1290 16
1291 14
1292 13
1293 24
1294 8
1295 21
1296 13
1297 7
1298 16
1299 12
1300 8
1301 16
1302 17
1303 18
1304 9
1305 9
1306 17
1307 13
1308 18
1309 19
1310 19
1311 18
1312 25
1313 27
1314 13
1315 10
1316 9
1317 17
1318 16
1319 13
1320 16
1321 23
1322 13
1323 22
1324 11
1325 13
1326 22
1327 21
1328 15
1329 21
1330 30
1331 13
1332 9
1333 13
1334 14
1335 12
1336 19
1337 30
1338 12
1339 13
1340 15
1341 19
1342 21
1343 14
1344 24
1345 18
1346 9
1347 12
1348 17
1349 11
1350 23
1351 22
1352 18
1353 17
1354 14
1355 8
1356 15
1357 5
1358 14
1359 16
1360 9
1361 9
1362 10
1363 15
1364 21
1365 21
1366 14
1367 16
1368 17
1369 23
1370 20
1371 20
1372 9
1373 16
1374 21
1375 31
1376 11
1377 24
1378 18
1379 8
1380 16
1381 15
1382 13
1383 16
1384 21
1385 25
1386 29
1387 22
1388 9
1389 28
1390 12
1391 9
1392 13
1393 12
1394 13
1395 11
1396 21
1397 20
1398 21
1399 26
1400 23
1401 14
1402 8
1403 12
1404 12
1405 28
1406 16
1407 17
1408 21
1409 13
1410 14
1411 19
1412 10
1413 7
1414 18
1415 7
1416 22
1417 7
1418 12
1419 22
1420 26
1421 12
1422 17
1423 17
1424 18
1425 13
1426 23
1427 20
1428 14
1429 17
1430 9
1431 12
1432 22
1433 9
1434 19
1435 11
1436 10
1437 19
1438 12
1439 22
1440 18
1441 5
1442 9
1443 16
1444 26
1445 15
1446 19
1447 16
1448 9
1449 11
1450 3
1451 20
1452 15
1453 18
1454 8
1455 10
1456 16
1457 11
1458 11
1459 22
1460 15
1461 10
1462 19
1463 11
1464 5
1465 28
1466 15
1467 16
1468 15
1469 16
1470 18
1471 10
1472 21
1473 13
1474 14
1475 8
1476 12
1477 25
1478 20
1479 22
1480 4
1481 22
1482 20
1483 16
1484 24
1485 12
1486 19
1487 29
1488 19
1489 12
1490 12
1491 15
1492 18
1493 6
1494 14
1495 24
1496 16
1497 18
1498 6
1499 26
1500 11
1501 9
1502 6
1503 10
1504 15
1505 19
1506 9
1507 16
1508 6
1509 13
1510 19
1511 8
1512 18
1513 7
1514 30
1515 20
1516 29
1517 17
1518 12
1519 26
1520 14
1521 21
1522 9
1523 6
1524 5
1525 21
1526 12
1527 17
1528 5
1529 11
1530 24
1531 11
1532 15
1533 8
1534 13
1535 9
1536 17
1537 11
1538 8
1539 13
1540 17
1541 17
1542 19
1543 15
1544 11
1545 13
1546 11
1547 16
1548 11
1549 21
1550 18
1551 15
1552 22
1553 20
1554 16
1555 10
1556 12
1557 24
1558 13
1559 7
1560 18
1561 21
1562 11
1563 8
1564 16
1565 20
1566 9
1567 8
1568 12
1569 11
1570 13
1571 12
1572 20
1573 5
1574 7
1575 6
1576 5
1577 6
1578 7
1579 11
1580 8
1581 19
1582 30
1583 14
1584 17
1585 5
1586 17
1587 10
1588 19
1589 9
1590 10
1591 25
1592 13
1593 16
1594 13
1595 22
1596 14
1597 23
1598 11
1599 17
1600 20
1601 20
1602 13
1603 22
1604 19
1605 15
1606 12
1607 15
1608 13
1609 12
1610 18
1611 18
1612 19
1613 21
1614 16
1615 18
1616 24
1617 21
1618 22
1619 11
1620 18
1621 8
1622 9
1623 14
1624 10
1625 11
1626 38
1627 9
1628 16
1629 13
1630 13
1631 16
1632 20
1633 10
1634 6
1635 13
1636 23
1637 16
1638 9
1639 15
1640 18
1641 12
1642 15
1643 12
1644 20
1645 4
1646 14
1647 16
1648 14
1649 13
1650 17
1651 22
1652 12
1653 17
1654 12
1655 9
1656 17
1657 13
1658 17
1659 14
1660 9
1661 18
1662 8
1663 10
1664 13
1665 29
1666 15
1667 16
1668 10
1669 10
1670 18
1671 15
1672 16
1673 11
1674 8
1675 13
1676 17
1677 20
1678 14
1679 12
1680 10
1681 10
1682 15
1683 13
1684 23
1685 16
1686 9
1687 23
1688 8
1689 8
1690 10
1691 9
1692 16
1693 12
1694 20
1695 16
1696 11
1697 31
1698 19
1699 14
1700 20
1701 15
1702 18
1703 15
1704 10
1705 13
1706 34
1707 21
1708 16
1709 22
1710 7
1711 9
1712 16
1713 13
1714 13
1715 15
1716 13
1717 17
1718 15
1719 13
1720 12
1721 19
1722 24
1723 14
1724 18
1725 12
1726 25
1727 19
1728 19
1729 14
1730 4
1731 17
1732 17
1733 30
1734 24
1735 15
1736 25
1737 11
1738 8
1739 14
1740 23
1741 17
1742 18
1743 16
1744 13
1745 21
1746 17
1747 23
1748 12
1749 18
1750 17
1751 15
1752 21
1753 25
1754 19
1755 7
1756 8
1757 13
1758 13
1759 16
1760 13
1761 4
1762 28
1763 6
1764 20
1765 17
1766 14
1767 27
1768 13
1769 21
1770 27
1771 19
1772 17
1773 12
1774 24
1775 19
1776 11
1777 20
1778 17
1779 19
1780 10
1781 12
1782 21
1783 20
1784 10
1785 21
1786 17
1787 14
1788 10
1789 25
1790 17
1791 11
1792 17
1793 26
1794 15
1795 27
1796 9
1797 15
1798 11
1799 14
1800 19
1801 19
1802 8
1803 18
1804 7
1805 21
1806 15
1807 20
1808 8
1809 13
1810 18
1811 16
1812 22
1813 14
1814 15
1815 22
1816 15
1817 11
1818 8
1819 6
1820 18
1821 11
1822 12
1823 13
1824 15
1825 15
1826 14
1827 11
1828 20
1829 11
1830 11
1831 21
1832 20
1833 13
1834 9
1835 17
1836 20
1837 14
1838 19
1839 15
1840 7
1841 21
1842 17
1843 12
1844 15
1845 13
1846 17
1847 13
1848 12
1849 16
1850 12
1851 29
1852 10
1853 16
1854 9
1855 17
1856 14
1857 4
1858 11
1859 19
1860 21
1861 7
1862 26
1863 15
1864 14
1865 19
1866 12
1867 8
1868 16
1869 15
1870 4
1871 8
1872 12
1873 13
1874 13
1875 13
1876 16
1877 14
1878 22
1879 11
1880 31
1881 21
1882 14
1883 11
1884 19
1885 2
1886 20
1887 24
1888 13
1889 15
1890 7
1891 17
1892 15
1893 7
1894 16
1895 19
1896 19
1897 16
1898 12
1899 16
1900 6
1901 13
1902 14
1903 19
1904 25
1905 12
1906 15
1907 11
1908 10
1909 7
1910 8
1911 5
1912 17
1913 14
1914 5
1915 5
1916 10
1917 8
1918 14
1919 14
1920 13
1921 7
1922 23
1923 8
1924 7
1925 12
1926 16
1927 17
1928 18
1929 18
1930 29
1931 19
1932 19
1933 14
1934 18
1935 27
1936 14
1937 19
1938 4
1939 18
1940 18
1941 10
1942 12
1943 11
1944 22
1945 20
1946 21
1947 17
1948 7
1949 4
1950 13
1951 15
1952 15
1953 21
1954 18
1955 12
1956 11
1957 15
1958 10
1959 9
1960 9
1961 16
1962 16
1963 23
1964 17
1965 8
1966 6
1967 7
1968 12
1969 8
1970 19
1971 6
1972 26
1973 19
1974 13
1975 12
1976 12
1977 12
1978 18
1979 14
1980 15
1981 12
1982 21
1983 13
1984 18
1985 15
1986 15
1987 23
1988 15
1989 17
1990 21
1991 5
1992 13
1993 17
1994 18
1995 23
1996 17
1997 24
1998 19
1999 17
2000 10
2001 28
2002 8
2003 6
2004 18
2005 20
2006 14
2007 21
2008 12
2009 13
2010 9
2011 29
2012 22
2013 22
2014 12
2015 18
2016 21
2017 17
2018 15
2019 20
2020 24
2021 23
2022 16
2023 17
2024 16
2025 35
2026 20
2027 9
2028 20
2029 24
2030 18
2031 20
2032 18
2033 15
2034 24
2035 21
2036 25
2037 16
2038 11
2039 7
2040 23
2041 28
2042 15
2043 14
2044 14
2045 11
2046 19
2047 17
2048 18
2049 21
2050 19
2051 8
2052 11
2053 21
2054 10
2055 10
2056 16
2057 10
2058 10
2059 16
2060 7
2061 11
2062 7
2063 17
2064 23
2065 19
2066 7
2067 26
2068 20
2069 13
2070 14
2071 18
2072 22
2073 18
2074 15
2075 18
2076 25
2077 21
2078 21
2079 11
2080 12
2081 11
2082 26
2083 16
2084 6
2085 14
2086 14
2087 22
2088 19
2089 14
2090 15
2091 9
2092 19
2093 18
2094 19
2095 11
2096 26
2097 14
2098 34
2099 8
2100 9
2101 10
2102 15
2103 12
2104 14
2105 19
2106 17
2107 25
2108 15
2109 13
2110 18
2111 18
2112 11
2113 15
2114 18
2115 17
2116 15
2117 13
2118 12
2119 20
2120 15
2121 18
2122 12
2123 19
2124 28
2125 16
2126 17
2127 8
2128 18
2129 19
2130 20
2131 15
2132 13
2133 6
2134 16
2135 26
2136 27
2137 15
2138 20
2139 19
2140 25
2141 29
2142 13
2143 21
2144 17
2145 27
2146 23
2147 18
2148 25
2149 16
2150 25
2151 17
2152 17
2153 14
2154 21
2155 32
2156 16
2157 20
2158 14
2159 18
2160 22
2161 20
2162 6
2163 12
2164 12
2165 13
2166 28
2167 20
2168 16
2169 15
2170 9
2171 14
2172 28
2173 19
2174 15
2175 15
2176 11
2177 23
2178 26
2179 15
2180 19
2181 16
2182 12
2183 22
2184 26
2185 14
2186 25
2187 18
2188 12
2189 17
2190 20
2191 17
2192 16
2193 15
2194 5
2195 18
2196 20
2197 13
2198 16
2199 34
2200 23
2201 25
2202 13
2203 12
2204 20
2205 26
2206 19
2207 24
2208 14
2209 28
2210 29
2211 15
2212 18
2213 22
2214 16
2215 17
2216 15
2217 14
2218 14
2219 23
2220 10
2221 19
2222 22
2223 16
2224 24
2225 24
2226 23
2227 16
2228 13
2229 22
2230 21
2231 21
2232 22
2233 22
2234 26
2235 25
2236 18
2237 17
2238 20
2239 22
2240 22
2241 28
2242 25
2243 19
2244 13
2245 29
2246 14
2247 27
2248 19
2249 24
2250 24
2251 11
2252 22
2253 16
2254 14
2255 9
2256 22
2257 14
2258 17
2259 20
2260 21
2261 13
2262 28
2263 15
2264 13
2265 9
2266 15
2267 8
2268 21
2269 25
2270 8
2271 15
2272 16
2273 23
2274 6
2275 15
2276 13
2277 11
2278 18
2279 9
2280 13
2281 16
2282 10
2283 21
2284 14
2285 12
2286 26
2287 13
2288 23
2289 20
2290 22
2291 28
2292 19
2293 21
2294 28
2295 14
2296 21
2297 13
2298 16
2299 21
2300 15
2301 10
2302 9
2303 21
2304 22
2305 18
2306 20
2307 15
2308 13
2309 19
2310 14
2311 14
2312 10
2313 16
2314 19
2315 15
2316 13
2317 15
2318 10
2319 18
2320 6
2321 20
2322 25
2323 21
2324 8
2325 18
2326 16
2327 19
2328 9
2329 20
2330 14
2331 15
2332 22
2333 18
2334 10
2335 13
2336 16
2337 20
2338 14
2339 14
2340 14
2341 12
2342 21
2343 10
2344 9
2345 21
2346 24
2347 12
2348 20
2349 14
2350 19
2351 11
2352 15
2353 14
2354 20
2355 21
2356 28
2357 11
2358 27
2359 10
2360 27
2361 25
2362 22
2363 27
2364 14
2365 19
2366 13
2367 15
2368 16
2369 24
2370 23
2371 21
2372 17
2373 21
2374 11
2375 11
2376 14
2377 12
2378 22
2379 17
2380 13
2381 26
2382 9
2383 15
2384 16
2385 18
2386 16
2387 18
2388 18
2389 19
2390 16
2391 12
2392 14
2393 15
2394 22
2395 16
2396 20
2397 16
2398 4
2399 25
2400 17
2401 16
2402 12
2403 27
2404 18
2405 20
2406 14
2407 10
2408 17
2409 17
2410 23
2411 23
2412 30
2413 18
2414 25
2415 11
2416 25
2417 10
2418 9
2419 12
2420 21
2421 10
2422 23
2423 12
2424 8
2425 12
2426 13
2427 19
2428 9
2429 15
2430 24
2431 10
2432 18
2433 5
2434 28
2435 16
2436 16
2437 25
2438 23
2439 20
2440 18
2441 27
2442 21
2443 22
2444 6
2445 21
2446 19
2447 11
2448 16
2449 22
2450 16
2451 26
2452 21
2453 16
2454 12
2455 19
2456 10
2457 19
2458 10
2459 21
2460 10
2461 12
2462 19
2463 28
2464 14
2465 24
2466 21
2467 15
2468 22
2469 16
2470 18
2471 19
2472 23
2473 13
2474 24
2475 15
2476 26
2477 11
2478 14
2479 12
2480 15
2481 15
2482 12
2483 12
2484 11
2485 14
2486 23
2487 13
2488 31
2489 23
2490 16
2491 16
2492 10
2493 14
2494 20
2495 13
2496 21
2497 13
2498 20
2499 16
2500 28
2501 16
2502 14
2503 16
2504 7
2505 16
2506 20
2507 25
2508 23
2509 29
2510 19
2511 24
2512 23
2513 11
2514 28
2515 18
2516 16
2517 26
2518 5
2519 24
2520 18
2521 14
2522 25
2523 15
2524 16
2525 10
2526 6
2527 14
2528 14
2529 14
2530 16
2531 15
2532 21
2533 25
2534 12
2535 11
2536 13
2537 22
2538 7
2539 22
2540 16
2541 17
2542 20
2543 3
2544 8
2545 18
2546 20
2547 18
2548 24
2549 13
2550 17
2551 21
2552 11
2553 14
2554 19
2555 14
2556 23
2557 19
2558 16
2559 15
2560 11
2561 17
2562 21
2563 16
2564 18
2565 25
2566 16
2567 15
2568 13
2569 31
2570 16
2571 11
2572 18
2573 13
2574 21
2575 16
2576 9
2577 15
2578 27
2579 16
2580 18
2581 17
2582 12
2583 18
2584 18
2585 24
2586 11
2587 14
2588 15
2589 15
2590 28
2591 14
2592 13
2593 14
2594 15
2595 10
2596 21
2597 14
2598 11
2599 23
2600 13
2601 10
2602 7
2603 23
2604 15
2605 23
2606 18
2607 8
2608 15
2609 12
2610 18
2611 19
2612 18
2613 17
2614 23
2615 21
2616 20
2617 17
2618 9
2619 8
2620 25
2621 20
2622 13
2623 17
2624 28
2625 14
2626 12
2627 14
2628 14
2629 6
2630 19
2631 14
2632 15
2633 17
2634 12
2635 15
2636 15
2637 15
2638 14
2639 22
2640 18
2641 21
2642 14
2643 18
2644 13
2645 13
2646 11
2647 12
2648 19
2649 21
2650 19
2651 18
2652 26
2653 18
2654 11
2655 9
2656 19
2657 18
2658 16
2659 6
2660 19
2661 20
2662 6
2663 5
2664 11
2665 17
2666 15
2667 12
2668 10
2669 17
2670 18
2671 30
2672 9
2673 8
2674 19
2675 25
2676 23
2677 17
2678 22
2679 23
2680 15
2681 10
2682 15
2683 17
2684 18
2685 17
2686 17
2687 24
2688 5
2689 6
2690 22
2691 28
2692 4
2693 19
2694 14
2695 15
2696 20
2697 17
2698 17
2699 22
2700 18
2701 16
2702 9
2703 14
2704 16
2705 8
2706 23
2707 26
2708 16
2709 20
2710 7
2711 19
2712 9
2713 16
2714 19
2715 22
2716 24
2717 11
2718 24
2719 23
2720 23
2721 21
2722 26
2723 13
2724 12
2725 15
2726 5
2727 15
2728 11
2729 20
2730 10
2731 12
2732 14
2733 20
2734 7
2735 14
2736 15
2737 23
2738 18
2739 20
2740 8
2741 6
2742 9
2743 14
2744 11
2745 10
2746 22
2747 17
2748 11
2749 15
2750 28
2751 23
2752 11
2753 15
2754 18
2755 18
2756 11
2757 17
2758 12
2759 12
2760 18
2761 10
2762 15
2763 18
2764 18
2765 19
2766 21
2767 10
2768 19
2769 14
2770 13
2771 3
2772 26
2773 20
2774 20
2775 20
2776 13
2777 14
2778 13
2779 18
2780 18
2781 22
2782 12
2783 8
2784 18
2785 11
2786 7
2787 16
2788 16
2789 21
2790 22
2791 18
2792 13
2793 16
2794 12
2795 11
2796 18
2797 7
2798 17
2799 4
2800 28
2801 26
2802 12
2803 13
2804 20
2805 10
2806 7
2807 19
2808 12
2809 12
2810 12
2811 17
2812 23
2813 12
2814 13
2815 6
2816 8
2817 12
2818 8
2819 21
2820 15
2821 16
2822 35
2823 5
2824 11
2825 16
2826 17
2827 23
2828 16
2829 15
2830 17
2831 20
2832 4
2833 6
2834 25
2835 12
2836 8
2837 5
2838 11
2839 18
2840 16
2841 13
2842 10
2843 12
2844 17
2845 16
2846 30
2847 9
2848 25
2849 19
2850 16
2851 20
2852 24
2853 9
2854 25
2855 11
2856 15
2857 21
2858 26
2859 19
2860 10
2861 24
2862 22
2863 22
2864 12
2865 18
2866 13
2867 12
2868 16
2869 27
2870 19
2871 16
2872 21
2873 17
2874 14
2875 15
2876 9
2877 8
2878 15
2879 10
2880 25
2881 12
2882 17
2883 10
2884 14
2885 7
2886 10
2887 12
2888 20
2889 12
2890 15
2891 13
2892 24
2893 5
2894 25
2895 16
2896 14
2897 15
2898 16
2899 6
2900 10
2901 27
2902 14
2903 20
2904 23
2905 7
2906 14
2907 16
2908 18
2909 16
2910 19
2911 21
2912 8
2913 4
2914 19
2915 18
2916 17
2917 12
2918 18
2919 14
2920 16
2921 17
2922 13
2923 15
2924 14
2925 12
2926 14
2927 15
2928 10
2929 6
2930 9
2931 19
2932 12
2933 7
2934 15
2935 7
2936 20
2937 21
2938 24
2939 13
2940 13
2941 10
2942 20
2943 13
2944 21
2945 26
2946 23
2947 21
2948 23
2949 37
2950 13
2951 23
2952 8
2953 17
2954 22
2955 15
2956 26
2957 17
2958 12
2959 26
2960 17
2961 32
2962 25
2963 22
2964 26
2965 21
2966 27
2967 23
2968 24
2969 28
2970 8
2971 14
2972 16
2973 26
2974 13
2975 25
2976 10
2977 16
2978 7
2979 33
2980 22
2981 12
2982 13
2983 11
2984 14
2985 15
2986 12
2987 9
2988 25
2989 24
2990 14
2991 22
2992 19
2993 39
2994 9
2995 20
2996 20
2997 9
2998 15
2999 15
3000 15
3001 16
3002 19
3003 20
3004 8
3005 11
3006 15
3007 20
3008 16
3009 10
3010 18
3011 19
3012 21
3013 16
3014 21
3015 10
3016 12
3017 23
3018 17
3019 14
3020 14
3021 14
3022 23
3023 10
3024 15
3025 11
3026 4
3027 11
3028 13
3029 7
3030 11
3031 14
3032 8
3033 15
3034 16
3035 7
3036 22
3037 11
3038 16
3039 26
3040 5
3041 18
3042 13
3043 7
3044 12
3045 20
3046 18
3047 18
3048 11
3049 15
3050 14
3051 16
3052 10
3053 9
3054 15
3055 14
3056 14
3057 14
3058 19
3059 16
3060 12
3061 27
3062 19
3063 11
3064 16
3065 20
3066 15
3067 21
3068 27
3069 9
3070 13
3071 21
3072 12
3073 11
3074 23
3075 28
3076 16
3077 6
3078 40
3079 19
3080 18
3081 12
3082 14
3083 7
3084 21
3085 15
3086 17
3087 24
3088 10
3089 14
3090 11
3091 11
3092 8
3093 18
3094 9
3095 13
3096 18
3097 16
3098 13
3099 29
3100 16
3101 17
3102 22
3103 12
3104 21
3105 12
3106 18
3107 24
3108 22
3109 26
3110 21
3111 23
3112 23
3113 30
3114 8
3115 33
3116 20
3117 23
3118 15
3119 12
3120 20
3121 11
3122 25
3123 14
3124 18
3125 19
3126 20
3127 14
3128 20
3129 16
3130 27
3131 12
3132 12
3133 18
3134 30
3135 36
3136 9
3137 22
3138 9
3139 22
3140 30
3141 15
3142 14
3143 9
3144 15
3145 11
3146 20
3147 5
3148 16
3149 19
3150 19
3151 12
3152 11
3153 23
3154 21
3155 10
3156 4
3157 11
3158 12
3159 17
3160 18
3161 13
3162 9
3163 20
3164 7
3165 32
3166 11
3167 8
3168 10
3169 31
3170 19
3171 27
3172 21
3173 9
3174 10
3175 16
3176 28
3177 17
3178 5
3179 30
3180 15
3181 23
3182 25
3183 26
3184 13
3185 17
3186 21
3187 12
3188 16
3189 21
3190 15
3191 14
3192 19
3193 22
3194 19
3195 24
3196 12
3197 16
3198 16
3199 15
3200 21
3201 6
3202 22
3203 11
3204 21
3205 14
3206 16
3207 15
3208 19
3209 15
3210 20
3211 36
3212 32
3213 12
3214 4
3215 21
3216 28
3217 12
3218 20
3219 22
3220 33
3221 14
3222 23
3223 22
3224 28
3225 19
3226 7
3227 12
3228 26
3229 9
3230 15
3231 7
3232 11
3233 16
3234 8
3235 23
3236 27
3237 25
3238 17
3239 25
3240 33
3241 14
3242 24
3243 12
3244 26
3245 14
3246 20
3247 23
3248 22
3249 14
3250 12
3251 9
3252 31
3253 13
3254 12
3255 17
3256 16
3257 20
3258 13
3259 14
3260 17
3261 22
3262 16
3263 15
3264 33
3265 27
3266 16
3267 17
3268 16
3269 16
3270 20
3271 13
3272 19
3273 23
3274 24
3275 24
3276 15
3277 18
3278 18
3279 19
3280 27
3281 28
3282 24
3283 16
3284 13
3285 11
3286 19
3287 18
3288 27
3289 21
3290 13
3291 30
3292 6
3293 17
3294 14
3295 23
3296 34
3297 16
3298 21
3299 13
3300 27
3301 19
3302 9
3303 21
3304 19
3305 24
3306 17
3307 13
3308 12
3309 21
3310 16
3311 8
3312 19
3313 35
3314 12
3315 15
3316 4
3317 18
3318 30
3319 17
3320 6
3321 17
3322 22
3323 17
3324 4
3325 18
3326 20
3327 14
3328 11
3329 18
3330 12
3331 16
3332 21
3333 12
3334 17
3335 14
3336 9
3337 18
3338 19
3339 9
3340 14
3341 10
3342 9
3343 18
3344 20
3345 19
3346 8
3347 22
3348 20
3349 21
3350 20
3351 12
3352 13
3353 15
3354 21
3355 22
3356 7
3357 12
3358 9
3359 13
3360 12
3361 21
3362 32
3363 28
3364 12
3365 14
3366 23
3367 21
3368 19
3369 11
3370 19
3371 18
3372 21
3373 9
3374 22
3375 15
3376 23
3377 13
3378 15
3379 14
3380 16
3381 24
3382 17
3383 28
3384 10
3385 16
3386 14
3387 8
3388 19
3389 12
3390 20
3391 10
3392 18
3393 15
3394 9
3395 14
3396 8
3397 12
3398 13
3399 17
3400 9
3401 28
3402 24
3403 25
3404 16
3405 13
3406 14
3407 22
3408 16
3409 13
3410 14
3411 20
3412 12
3413 20
3414 25
3415 18
3416 13
3417 7
3418 13
3419 16
3420 14
3421 26
3422 32
3423 15
3424 16
3425 15
3426 12
3427 13
3428 13
3429 13
3430 12
3431 16
3432 8
3433 17
3434 14
3435 15
3436 14
3437 21
3438 9
3439 9
3440 15
3441 18
3442 15
3443 20
3444 21
3445 12
3446 13
3447 15
3448 23
3449 17
3450 7
3451 14
3452 21
3453 19
3454 20
3455 15
3456 4
3457 23
3458 25
3459 12
3460 18
3461 15
3462 13
3463 18
3464 18
3465 25
3466 15
3467 23
3468 12
3469 22
3470 22
3471 16
3472 20
3473 13
3474 21
3475 19
3476 9
3477 7
3478 11
3479 15
3480 10
3481 18
3482 18
3483 5
3484 14
3485 20
3486 23
3487 20
3488 27
3489 19
3490 16
3491 20
3492 13
3493 12
3494 13
3495 14
3496 12
3497 9
3498 25
3499 8
3500 15
3501 16
3502 18
3503 27
3504 17
3505 25
3506 17
3507 21
3508 15
3509 13
3510 20
3511 18
3512 14
3513 11
3514 24
3515 10
3516 23
3517 27
3518 13
3519 8
3520 21
3521 11
3522 7
3523 20
3524 21
3525 13
3526 5
3527 20
3528 24
3529 15
3530 21
3531 11
3532 17
3533 26
3534 20
3535 3
3536 12
3537 13
3538 15
3539 11
3540 5
3541 21
3542 17
3543 8
3544 26
3545 15
3546 26
3547 18
3548 13
3549 23
3550 22
3551 20
3552 11
3553 16
3554 19
3555 15
3556 20
3557 17
3558 19
3559 13
3560 13
3561 25
3562 17
3563 29
3564 14
3565 30
3566 23
3567 17
3568 17
3569 17
3570 26
3571 14
3572 15
3573 13
3574 14
3575 28
3576 15
3577 13
3578 27
3579 18
3580 23
3581 10
3582 19
3583 24
3584 17
3585 19
3586 12
3587 8
3588 17
3589 15
3590 17
3591 12
3592 17
3593 17
3594 29
3595 20
3596 22
3597 4
3598 12
3599 21
3600 8
3601 20
3602 9
3603 16
3604 19
3605 25
3606 14
3607 13
3608 13
3609 18
3610 21
3611 13
3612 29
3613 19
3614 16
3615 21
3616 25
3617 14
3618 33
3619 11
3620 20
3621 7
3622 16
3623 12
3624 17
3625 11
3626 22
3627 23
3628 19
3629 14
3630 17
3631 9
3632 15
3633 22
3634 9
3635 6
3636 16
3637 27
3638 24
3639 10
3640 19
3641 14
3642 30
3643 17
3644 14
3645 16
3646 9
3647 14
3648 14
3649 15
3650 16
3651 12
3652 15
3653 19
3654 18
3655 11
3656 17
3657 13
3658 20
3659 24
3660 20
3661 22
3662 25
3663 22
3664 18
3665 12
3666 7
3667 14
3668 20
3669 13
3670 29
3671 7
3672 10
3673 7
3674 17
3675 24
3676 17
3677 10
3678 24
3679 4
3680 16
3681 10
3682 13
3683 14
3684 16
3685 19
3686 11
3687 8
3688 13
3689 8
3690 6
3691 14
3692 8
3693 11
3694 17
3695 22
3696 13
3697 19
3698 10
3699 20
3700 14
3701 11
3702 15
3703 14
3704 17
3705 29
3706 16
3707 20
3708 14
3709 22
3710 19
3711 9
3712 8
3713 22
3714 17
3715 20
3716 6
3717 29
3718 15
3719 16
3720 11
3721 10
3722 18
3723 17
3724 18
3725 13
3726 24
3727 13
3728 16
3729 12
3730 17
3731 17
3732 15
3733 18
3734 20
3735 20
3736 6
3737 14
3738 9
3739 25
3740 10
3741 15
3742 24
3743 16
3744 28
3745 18
3746 25
3747 18
3748 11
3749 17
3750 15
3751 21
3752 24
3753 19
3754 17
3755 15
3756 17
3757 16
3758 21
3759 26
3760 23
3761 18
3762 26
3763 17
3764 23
3765 27
3766 15
3767 15
3768 18
3769 14
3770 30
3771 14
3772 20
3773 26
3774 24
3775 13
3776 14
3777 20
3778 22
3779 22
3780 24
3781 12
3782 24
3783 21
3784 14
3785 20
3786 22
3787 22
3788 24
3789 20
3790 20
3791 16
3792 18
3793 23
3794 10
3795 25
3796 19
3797 16
3798 10
3799 24
3800 13
3801 16
3802 18
3803 13
3804 17
3805 27
3806 16
3807 23
3808 21
3809 17
3810 26
3811 18
3812 8
3813 8
3814 16
3815 11
3816 18
3817 18
3818 21
3819 29
3820 21
3821 11
3822 23
3823 9
3824 11
3825 17
3826 16
3827 16
3828 22
3829 22
3830 17
3831 21
3832 22
3833 24
3834 14
3835 22
3836 12
3837 19
3838 19
3839 17
3840 10
3841 22
3842 22
3843 25
3844 23
3845 16
3846 15
3847 29
3848 11
3849 20
3850 9
3851 20
3852 16
3853 23
3854 13
3855 19
3856 18
3857 20
3858 17
3859 15
3860 9
3861 9
3862 17
3863 13
3864 17
3865 24
3866 19
3867 15
3868 20
3869 23
3870 17
3871 11
3872 24
3873 13
3874 25
3875 18
3876 13
3877 22
3878 8
3879 21
3880 16
3881 13
3882 17
3883 23
3884 14
3885 25
3886 15
3887 13
3888 22
3889 19
3890 16
3891 18
3892 16
3893 10
3894 9
3895 14
3896 21
3897 25
3898 19
3899 13
3900 23
3901 22
3902 20
3903 17
3904 20
3905 12
3906 20
3907 24
3908 19
3909 7
3910 17
3911 22
3912 18
3913 26
3914 9
3915 10
3916 21
3917 25
3918 14
3919 28
3920 6
3921 21
3922 11
3923 13
3924 21
3925 11
3926 13
3927 9
3928 24
3929 25
3930 16
3931 16
3932 11
3933 16
3934 15
3935 15
3936 7
3937 15
3938 18
3939 22
3940 21
3941 15
3942 13
3943 8
3944 12
3945 15
3946 22
3947 20
3948 24
3949 20
3950 15
3951 21
3952 16
3953 14
3954 21
3955 16
3956 12
3957 20
3958 11
3959 16
3960 20
3961 14
3962 11
3963 14
3964 10
3965 18
3966 24
3967 33
3968 19
3969 19
3970 16
3971 12
3972 20
3973 13
3974 23
3975 26
3976 20
3977 17
3978 15
3979 16
3980 16
3981 17
3982 22
3983 22
3984 2
3985 20
3986 24
3987 16
3988 12
3989 14
3990 14
3991 20
3992 22
3993 16
3994 21
3995 28
3996 21
3997 28
3998 7
3999 26
4000 13
4001 13
4002 17
4003 13
4004 15
4005 16
4006 17
4007 11
4008 17
4009 15
4010 26
4011 7
4012 18
4013 38
4014 24
4015 17
4016 28
4017 25
4018 13
4019 14
4020 16
4021 10
4022 30
4023 13
4024 16
4025 36
4026 17
4027 10
4028 14
4029 17
4030 14
4031 5
4032 15
4033 13
4034 10
4035 10
4036 13
4037 17
4038 19
4039 12
4040 25
4041 10
4042 19
4043 16
4044 17
4045 13
4046 17
4047 16
4048 19
4049 6
4050 9
4051 16
4052 17
4053 23
4054 18
4055 15
4056 12
4057 25
4058 31
4059 10
4060 14
4061 22
4062 15
4063 14
4064 18
4065 22
4066 12
4067 14
4068 17
4069 18
4070 11
4071 5
4072 20
4073 15
4074 19
4075 10
4076 22
4077 22
4078 20
4079 13
4080 5
4081 11
4082 16
4083 14
4084 19
4085 13
4086 17
4087 13
4088 18
4089 9
4090 19
4091 21
4092 10
4093 24
4094 9
4095 21
4096 15
4097 9
4098 20
4099 14
4100 13
4101 12
4102 14
4103 15
4104 15
4105 24
4106 11
4107 23
4108 16
4109 24
4110 18
4111 15
4112 18
4113 10
4114 21
4115 19
4116 7
4117 15
4118 17
4119 13
4120 25
4121 21
4122 10
4123 17
4124 16
4125 8
4126 19
4127 13
4128 12
4129 16
4130 11
4131 9
4132 3
4133 14
4134 17
4135 12
4136 3
4137 14
4138 21
4139 30
4140 22
4141 18
4142 10
4143 20
4144 14
4145 13
4146 12
4147 17
4148 12
4149 16
4150 25
4151 15
4152 10
4153 3
4154 12
4155 15
4156 20
4157 15
4158 7
4159 11
4160 16
4161 14
4162 13
4163 12
4164 19
4165 24
4166 20
4167 15
4168 33
4169 17
4170 8
4171 17
4172 13
4173 22
4174 8
4175 32
4176 18
4177 20
4178 12
4179 16
4180 20
4181 15
4182 10
4183 18
4184 10
4185 19
4186 18
4187 18
4188 19
4189 20
4190 7
4191 5
4192 16
4193 23
4194 9
4195 10
4196 10
4197 17
4198 23
4199 12
4200 17
4201 17
4202 19
4203 21
4204 16
4205 16
4206 13
4207 13
4208 7
4209 14
4210 13
4211 12
4212 26
4213 10
4214 13
4215 18
4216 19
4217 10
4218 14
4219 11
4220 7
4221 22
4222 12
4223 23
4224 13
4225 35
4226 25
4227 16
4228 6
4229 17
4230 9
4231 19
4232 19
4233 10
4234 21
4235 16
4236 23
4237 23
4238 27
4239 27
4240 9
4241 16
4242 11
4243 18
4244 14
4245 12
4246 15
4247 18
4248 12
4249 18
4250 20
4251 17
4252 7
4253 9
4254 22
4255 14
4256 14
4257 13
4258 15
4259 14
4260 27
4261 17
4262 16
4263 12
4264 6
4265 17
4266 12
4267 5
4268 13
4269 23
4270 11
4271 15
4272 11
4273 29
4274 9
4275 20
4276 10
4277 14
4278 20
4279 8
4280 15
4281 18
4282 17
4283 26
4284 23
4285 26
4286 22
4287 11
4288 17
4289 27
4290 21
4291 14
4292 15
4293 11
4294 16
4295 13
4296 18
4297 14
4298 19
4299 16
4300 7
4301 13
4302 22
4303 12
4304 8
4305 17
4306 17
4307 17
4308 13
4309 20
4310 5
4311 26
4312 24
4313 10
4314 21
4315 17
4316 20
4317 8
4318 15
4319 18
4320 11
4321 15
4322 17
4323 23
4324 6
4325 19
4326 27
4327 17
4328 17
4329 14
4330 25
4331 16
4332 21
4333 5
4334 22
4335 14
4336 21
4337 18
4338 13
4339 18
4340 22
4341 14
4342 16
4343 7
4344 11
4345 17
4346 21
4347 15
4348 26
4349 19
4350 10
4351 21
4352 16
4353 18
4354 17
4355 17
4356 9
4357 15
4358 20
4359 11
4360 13
4361 13
4362 15
4363 16
4364 17
4365 17
4366 16
4367 6
4368 11
4369 18
4370 20
4371 17
4372 19
4373 23
4374 19
4375 22
4376 20
4377 21
4378 26
4379 20
4380 17
4381 8
4382 26
4383 18
4384 16
4385 13
4386 28
4387 19
4388 17
4389 12
4390 5
4391 16
4392 22
4393 14
4394 7
4395 25
4396 14
4397 23
4398 14
4399 21
4400 21
4401 14
4402 32
4403 11
4404 22
4405 14
4406 12
4407 13
4408 12
4409 22
4410 8
4411 15
4412 9
4413 15
4414 17
4415 12
4416 20
4417 4
4418 12
4419 25
4420 14
4421 19
4422 29
4423 14
4424 6
4425 8
4426 25
4427 31
4428 13
4429 14
4430 13
4431 23
4432 18
4433 15
4434 14
4435 15
4436 10
4437 22
4438 18
4439 9
4440 19
4441 16
4442 5
4443 20
4444 22
4445 13
4446 19
4447 10
4448 20
4449 21
4450 17
4451 7
4452 17
4453 15
4454 28
4455 13
4456 21
4457 16
4458 14
4459 23
4460 25
4461 17
4462 19
4463 14
4464 18
4465 24
4466 27
4467 17
4468 16
4469 20
4470 9
4471 16
4472 14
4473 26
4474 22
4475 22
4476 14
4477 12
4478 9
4479 18
4480 12
4481 12
4482 12
4483 30
4484 14
4485 14
4486 17
4487 18
4488 12
4489 9
4490 18
4491 14
4492 22
4493 19
4494 14
4495 16
4496 13
4497 11
4498 19
4499 28
4500 16
4501 18
4502 10
4503 16
4504 25
4505 17
4506 26
4507 17
4508 15
4509 20
4510 25
4511 16
4512 17
4513 18
4514 8
4515 8
4516 23
4517 15
4518 15
4519 19
4520 25
4521 13
4522 15
4523 20
4524 10
4525 25
4526 19
4527 32
4528 17
4529 11
4530 22
4531 22
4532 14
4533 23
4534 20
4535 12
4536 14
4537 31
4538 17
4539 25
4540 22
4541 27
4542 14
4543 19
4544 13
4545 22
4546 29
4547 15
4548 21
4549 13
4550 10
4551 13
4552 19
4553 7
4554 17
4555 10
4556 29
4557 17
4558 19
4559 14
4560 10
4561 13
4562 28
4563 18
4564 6
4565 13
4566 9
4567 9
4568 14
4569 23
4570 24
4571 27
4572 4
4573 11
4574 6
4575 14
4576 10
4577 15
4578 22
4579 13
4580 18
4581 23
4582 12
4583 23
4584 15
4585 17
4586 8
4587 14
4588 10
4589 13
4590 21
4591 13
4592 12
4593 20
4594 17
4595 16
4596 22
4597 19
4598 19
4599 15
4600 12
4601 11
4602 13
4603 22
4604 22
4605 21
4606 22
4607 33
4608 4
4609 10
4610 23
4611 13
4612 19
4613 29
4614 22
4615 19
4616 14
4617 22
4618 6
4619 26
4620 11
4621 18
4622 22
4623 17
4624 21
4625 19
4626 23
4627 12
4628 28
4629 14
4630 12
4631 36
4632 21
4633 21
4634 20
4635 14
4636 27
4637 22
4638 19
4639 23
4640 21
4641 16
4642 18
4643 17
4644 14
4645 9
4646 18
4647 17
4648 13
4649 9
4650 16
4651 17
4652 21
4653 29
4654 7
4655 9
4656 14
4657 16
4658 15
4659 22
4660 29
4661 12
4662 19
4663 24
4664 17
4665 7
4666 21
4667 20
4668 27
4669 19
4670 24
4671 6
4672 6
4673 14
4674 27
4675 12
4676 23
4677 16
4678 24
4679 26
4680 21
4681 33
4682 17
4683 23
4684 24
4685 19
4686 15
4687 17
4688 21
4689 16
4690 14
4691 16
4692 14
4693 26
4694 14
4695 13
4696 24
4697 10
4698 24
4699 26
4700 35
4701 12
4702 16
4703 22
4704 10
4705 23
4706 17
4707 17
4708 28
4709 21
4710 15
4711 12
4712 15
4713 16
4714 25
4715 3
4716 25
4717 25
4718 24
4719 17
4720 25
4721 12
4722 18
4723 26
4724 22
4725 17
4726 9
4727 30
4728 1
4729 13
4730 12
4731 20
4732 6
4733 15
4734 20
4735 21
4736 26
4737 7
4738 23
4739 16
4740 7
4741 7
4742 17
4743 18
4744 9
4745 15
4746 15
4747 6
4748 15
4749 19
4750 16
4751 23
4752 20
4753 8
4754 19
4755 17
4756 20
4757 14
4758 15
4759 13
4760 18
4761 20
4762 15
4763 13
4764 18
4765 15
4766 20
4767 6
4768 13
4769 6
4770 9
4771 15
4772 9
4773 16
4774 21
4775 21
4776 12
4777 11
4778 14
4779 9
4780 8
4781 16
4782 10
4783 15
4784 14
4785 9
4786 24
4787 20
4788 6
4789 8
4790 10
4791 10
4792 20
4793 24
4794 8
4795 21
4796 19
4797 19
4798 16
4799 30
4800 20
4801 12
4802 14
4803 15
4804 19
4805 12
4806 8
4807 11
4808 10
4809 25
4810 26
4811 12
4812 17
4813 12
4814 8
4815 10
4816 14
4817 7
4818 12
4819 27
4820 10
4821 14
4822 21
4823 19
4824 12
4825 32
4826 10
4827 10
4828 15
4829 16
4830 20
4831 14
4832 22
4833 18
4834 23
4835 15
4836 13
4837 23
4838 17
4839 12
4840 15
4841 16
4842 13
4843 12
4844 15
4845 18
4846 16
4847 18
4848 8
4849 17
4850 37
4851 16
4852 10
4853 24
4854 12
4855 26
4856 29
4857 16
4858 23
4859 23
4860 18
4861 15
4862 22
4863 16
4864 15
4865 19
4866 18
4867 15
4868 14
4869 17
4870 27
4871 19
4872 9
4873 24
4874 30
4875 17
4876 14
4877 21
4878 31
4879 22
4880 10
4881 17
4882 23
4883 8
4884 10
4885 9
4886 25
4887 24
4888 14
4889 1
4890 28
4891 11
4892 20
4893 8
4894 16
4895 20
4896 20
4897 17
4898 14
4899 16
4900 22
4901 14
4902 19
4903 16
4904 3
4905 13
4906 24
4907 8
4908 21
4909 17
4910 21
4911 24
4912 22
4913 9
4914 14
4915 16
4916 14
4917 30
4918 35
4919 21
4920 25
4921 12
4922 6
4923 7
4924 14
4925 18
4926 6
4927 12
4928 12
4929 15
4930 30
4931 29
4932 22
4933 7
4934 6
4935 16
4936 24
4937 22
4938 13
4939 17
4940 17
4941 20
4942 19
4943 27
4944 28
4945 17
4946 21
4947 16
4948 15
4949 20
4950 19
4951 20
4952 15
4953 18
4954 20
4955 12
4956 16
4957 12
4958 16
4959 30
4960 25
4961 24
4962 20
4963 10
4964 19
4965 23
4966 10
4967 17
4968 22
4969 10
4970 16
4971 18
4972 16
4973 18
4974 13
4975 6
4976 8
4977 9
4978 25
4979 13
4980 14
4981 13
4982 15
4983 14
4984 11
4985 18
4986 20
4987 11
4988 11
4989 19
4990 8
4991 6
4992 16
4993 9
4994 8
4995 23
4996 18
4997 9
4998 10
4999 7
5000 13
5001 19
