0 29
1 29
2 20
3 21
4 15
5 22
6 22
7 24
8 22
9 38
10 33
11 21
12 17
13 29
14 43
15 20
16 17
17 22
18 18
19 15
20 25
21 32
22 35
23 18
24 38
25 15
26 26
27 28
28 35
29 44
30 26
31 19
32 26
33 40
34 20
35 27
36 26
37 18
38 20
39 17
40 20
41 25
42 17
43 19
44 39
45 17
46 25
47 19
48 34
49 32
50 25
51 27
52 18
53 16
54 21
55 14
56 16
57 19
58 24
59 23
60 8
61 13
62 29
63 45
64 27
65 16
66 9
67 21
68 8
69 13
70 17
71 24
72 24
73 22
74 11
75 17
76 21
77 32
78 15
79 24
80 14
81 17
82 19
83 23
84 20
85 15
86 33
87 6
88 18
89 8
90 34
91 23
92 20
93 24
94 23
95 24
96 11
97 22
98 15
99 35
100 19
101 16
102 33
103 21
104 26
105 23
106 13
107 21
108 15
109 10
110 6
111 25
112 21
113 20
114 12
115 19
116 8
117 29
118 23
119 28
120 13
121 15
122 23
123 7
124 18
125 3
126 8
127 13
128 20
129 24
130 4
131 8
132 19
133 13
134 18
135 15
136 11
137 5
138 10
139 9
140 7
141 7
142 16
143 20
144 11
145 11
146 18
147 6
148 18
149 24
150 14
151 17
152 11
153 24
154 14
155 9
156 17
157 15
158 14
159 13
160 8
161 21
162 30
163 5
164 19
165 6
166 18
167 11
168 22
169 27
170 17
171 13
172 17
173 6
174 14
175 3
176 11
177 15
178 22
179 21
180 17
181 22
182 7
183 22
184 8
185 22
186 23
187 25
188 11
189 12
190 19
191 14
192 18
193 13
194 20
195 30
196 7
197 25
198 20
199 18
200 18
201 23
202 15
203 9
204 22
205 3
206 15
207 20
208 12
209 11
210 18
211 13
212 26
213 21
214 18
215 12
216 30
217 13
218 14
219 15
220 24
221 11
222 22
223 17
224 13
225 34
226 15
227 10
228 17
229 9
230 16
231 11
232 8
233 12
234 34
235 16
236 14
237 6
238 16
239 21
240 17
241 19
242 18
243 34
244 21
245 20
246 15
247 11
248 16
249 22
250 13
251 14
252 22
253 10
254 17
255 18
256 18
257 17
258 19
259 24
260 12
261 9
262 23
263 21
264 19
265 6
266 2
267 16
268 14
269 16
270 27
271 24
272 12
273 8
274 12
275 8
276 16
277 14
278 11
279 10
280 16
281 4
282 16
283 20
284 24
285 23
286 19
287 11
288 11
289 20
290 22
291 17
292 16
293 23
294 17
295 18
296 9
297 28
298 5
299 19
300 35
301 15
302 8
303 16
304 6
305 12
306 11
307 7
308 19
309 24
310 20
311 25
312 20
313 21
314 14
315 16
316 11
317 8
318 13
319 24
320 27
321 17
322 11
323 1
324 29
325 5
326 22
327 15
328 24
329 25
330 20
331 15
332 3
333 25
334 5
335 21
336 16
337 14
338 14
339 18
340 10
341 17
342 17
343 13
344 32
345 22
346 9
347 22
348 21
349 6
350 32
351 21
352 12
353 19
354 26
355 27
356 22
357 6
358 21
359 10
360 18
361 17
362 33
363 24
364 16
365 9
366 13
367 15
368 10
369 8
370 22
371 14
372 21
373 33
374 28
375 10
376 33
377 26
378 12
379 27
380 22
381 27
382 22
383 18
384 23
385 15
386 18
387 17
388 15
389 18
390 19
391 9
392 14
393 20
394 19
395 13
396 13
397 12
398 26
399 26
400 14
401 14
402 14
403 24
404 14
405 16
406 22
407 25
408 17
409 13
410 22
411 20
412 30
413 9
414 21
415 17
416 20
417 21
418 23
419 12
420 14
421 31
422 13
423 20
424 6
425 20
426 21
427 26
428 19
429 21
430 28
431 15
432 12
433 28
434 14
435 17
436 17
437 3
438 27
439 25
440 25
441 23
442 9
443 4
444 24
445 14
446 14
447 19
448 14
449 9
450 13
451 18
452 14
453 18
454 24
455 28
456 20
457 10
458 15
459 20
460 24
461 28
462 34
463 31
464 20
465 30
466 14
467 17
468 28
469 20
470 20
471 14
472 27
473 38
474 27
475 15
476 22
477 7
478 31
479 18
480 13
481 31
482 14
483 20
484 17
485 27
486 16
487 19
488 11
489 18
490 19
491 21
492 21
493 20
494 19
495 16
496 22
497 10
498 17
499 17
500 13
501 23
502 26
503 20
504 23
505 24
506 21
507 19
508 29
509 21
510 23
511 13
512 19
513 18
514 16
515 23
516 23
517 15
518 22
519 21
520 19
521 27
522 5
523 23
524 18
525 24
526 32
527 14
528 20
529 23
530 30
531 22
532 23
533 22
534 6
535 10
536 18
537 17
538 12
539 20
540 19
541 7
542 16
543 21
544 17
545 19
546 32
547 19
548 30
549 12
550 25
551 33
552 32
553 19
554 24
555 20
556 11
557 18
558 17
559 19
560 19
561 25
562 14
563 18
564 14
565 13
566 6
567 27
568 35
569 19
570 19
571 8
572 25
573 30
574 15
575 22
576 22
577 30
578 19
579 13
580 23
581 32
582 29
583 27
584 25
585 19
586 25
587 24
588 34
589 12
590 28
591 11
592 10
593 24
594 24
595 17
596 11
597 23
598 34
599 15
600 23
601 10
602 11
603 30
604 20
605 4
606 14
607 21
608 9
609 25
610 25
611 9
612 34
613 8
614 14
615 23
616 43
617 18
618 17
619 26
620 20
621 23
622 19
623 12
624 22
625 24
626 19
627 19
628 28
629 20
630 19
631 32
632 26
633 23
634 33
635 25
636 7
637 14
638 26
639 27
640 22
641 13
642 22
643 25
644 17
645 17
646 26
647 18
648 26
649 19
650 22
651 29
652 28
653 29
654 8
655 19
656 21
657 26
658 22
659 8
660 12
661 17
662 14
663 11
664 29
665 17
666 9
667 16
668 29
669 19
670 15
671 11
672 9
673 22
674 20
675 17
676 16
677 18
678 28
679 8
680 28
681 20
682 37
683 7
684 13
685 18
686 19
687 14
688 10
689 9
690 37
691 13
692 23
693 9
694 23
695 23
696 17
697 10
698 16
699 19
700 9
701 9
702 19
703 14
704 20
705 12
706 11
707 15
708 14
709 16
710 10
711 13
712 16
713 4
714 21
715 25
716 14
717 13
718 23
719 11
720 10
721 9
722 20
723 22
724 17
725 13
726 11
727 5
728 25
729 27
730 20
731 14
732 15
733 13
734 16
735 4
736 12
737 30
738 3
739 25
740 17
741 15
742 18
743 15
744 12
745 15
746 13
747 10
748 13
749 26
750 19
751 19
752 19
753 17
754 6
755 27
756 9
757 7
758 16
759 15
760 17
761 9
762 14
763 13
764 16
765 18
766 26
767 14
768 9
769 12
770 16
771 4
772 14
773 14
774 15
775 19
776 23
777 3
778 17
779 9
780 19
781 6
782 18
783 7
784 3
785 17
786 3
787 9
788 13
789 1
790 19
791 16
792 13
793 14
794 8
795 13
796 15
797 17
798 14
799 24
800 25
801 11
802 15
803 10
804 14
805 16
806 4
807 4
808 15
809 10
810 12
811 12
812 15
813 11
814 6
815 7
816 20
817 5
818 17
819 33
820 17
821 11
822 7
823 6
824 20
825 14
826 16
827 12
828 13
829 8
830 11
831 17
832 28
833 14
834 18
835 9
836 22
837 18
838 26
839 5
840 8
841 15
842 10
843 11
844 11
845 14
846 5
847 21
848 21
849 25
850 7
851 11
852 17
853 9
854 19
855 14
856 11
857 10
858 17
859 11
860 5
861 14
862 11
863 9
864 10
865 6
866 8
867 8
868 11
869 7
870 14
871 12
872 11
873 18
874 13
875 23
876 2
877 20
878 17
879 11
880 4
881 12
882 10
883 14
884 3
885 6
886 19
887 14
888 26
889 6
890 4
891 17
892 17
893 8
894 6
895 18
896 5
897 17
898 10
899 4
900 5
901 12
902 9
903 14
904 28
905 8
906 15
907 17
908 9
909 14
910 16
911 7
912 7
913 10
914 8
915 13
916 9
917 8
918 10
919 6
920 14
921 6
922 15
923 16
924 12
925 10
926 7
927 9
928 17
929 19
930 12
931 5
932 21
933 9
934 10
935 4
936 14
937 15
938 16
939 19
940 14
941 8
942 3
943 14
944 26
945 6
946 9
947 16
948 27
949 13
950 14
951 12
952 15
953 11
954 21
955 11
956 18
957 14
958 10
959 10
960 9
961 11
962 9
963 1
964 17
965 23
966 7
967 7
968 16
969 7
970 16
971 9
972 28
973 18
974 11
975 14
976 27
977 12
978 17
979 12
980 21
981 17
982 9
983 20
984 10
985 3
986 12
987 12
988 16
989 23
990 9
991 9
992 12
993 22
994 5
995 19
996 9
997 6
998 10
999 24
1000 32
1001 20
1002 6
1003 12
1004 19
1005 3
1006 16
1007 15
1008 9
1009 9
1010 9
1011 7
1012 8
1013 13
1014 22
1015 21
1016 10
1017 19
1018 15
1019 12
1020 11
1021 5
1022 18
1023 8
1024 12
1025 19
1026 16
1027 15
1028 24
1029 20
1030 5
1031 20
1032 8
1033 16
1034 10
1035 13
1036 10
1037 17
1038 8
1039 19
1040 15
1041 20
1042 11
1043 9
1044 28
1045 17
1046 22
1047 20
1048 21
1049 18
1050 21
1051 4
1052 21
1053 13
1054 18
1055 24
1056 29
1057 13
1058 13
1059 24
1060 25
1061 19
1062 24
1063 6
1064 12
1065 22
1066 6
1067 24
1068 20
1069 13
1070 9
1071 21
1072 15
1073 3
1074 10
1075 14
1076 16
1077 22
1078 14
1079 18
1080 34
1081 21
1082 8
1083 14
1084 10
1085 12
1086 10
1087 15
1088 6
1089 8
1090 10
1091 14
1092 21
1093 22
1094 5
1095 18
1096 8
1097 3
1098 5
1099 16
1100 15
1101 6
1102 13
1103 19
1104 12
1105 23
1106 9
1107 5
1108 12
1109 7
1110 9
1111 9
1112 8
1113 14
1114 11
1115 6
1116 13
1117 16
1118 14
1119 8
1120 25
1121 7
1122 8
1123 18
1124 10
1125 12
1126 22
1127 4
1128 13
1129 14
1130 6
1131 8
1132 12
1133 24
1134 12
1135 17
1136 17
1137 5
1138 10
1139 11
1140 11
1141 16
1142 5
1143 27
1144 18
1145 19
1146 5
1147 8
1148 0
1149 19
1150 14
1151 9
1152 7
1153 4
1154 19
1155 12
1156 6
1157 5
1158 14
1159 5
1160 3
1161 22
1162 9
1163 8
1164 8
1165 13
1166 16
1167 5
1168 10
1169 13
1170 12
1171 17
1172 9
1173 9
1174 10
1175 17
1176 15
1177 4
1178 22
1179 9
1180 22
1181 9
1182 19
1183 11
1184 29
1185 13
1186 24
1187 27
1188 13
1189 16
1190 24
1191 19
1192 18
1193 20
1194 16
1195 12
1196 15
1197 15
1198 12
1199 25
1200 17
1201 19
1202 13
1203 27
1204 21
1205 6
1206 26
1207 21
1208 15
1209 19
1210 31
1211 11
1212 21
1213 19
1214 9
1215 9
1216 27
1217 14
1218 12
1219 14
1220 25
1221 8
1222 10
1223 8
1224 7
1225 25
1226 14
1227 17
1228 11
1229 12
1230 21
1231 16
1232 29
1233 20
1234 17
1235 1
1236 17
1237 11
1238 23
1239 20
1240 22
1241 25
1242 21
1243 13
1244 20
1245 14
1246 27
1247 19
1248 19
1249 22
1250 9
1251 11
1252 14
1253 22
1254 7
1255 22
1256 21
1257 21
1258 22
1259 23
1260 24
1261 16
1262 15
1263 22
1264 8
1265 11
1266 10
1267 18
1268 13
1269 12
1270 24
1271 12
1272 14
1273 23
1274 7
1275 11
1276 16
1277 11
1278 11
1279 11
1280 21
1281 15
1282 10
1283 14
1284 11
1285 4
1286 9
1287 12
1288 18
1289 14
1290 19
1291 16
1292 16
1293 19
1294 29
1295 20
1296 20
1297 10
1298 22
1299 13
1300 13
1301 25
1302 9
1303 27
1304 13
1305 2
1306 21
1307 6
1308 18
1309 12
1310 2
1311 12
1312 14
1313 8
1314 15
1315 15
1316 15
1317 19
1318 8
1319 19
1320 11
1321 17
1322 18
1323 11
1324 16
1325 17
1326 24
1327 18
1328 9
1329 17
1330 10
1331 9
1332 22
1333 19
1334 7
1335 39
1336 12
1337 3
1338 14
1339 24
1340 24
1341 19
1342 6
1343 5
1344 23
1345 28
1346 22
1347 18
1348 22
1349 19
1350 7
1351 19
1352 23
1353 3
1354 7
1355 20
1356 20
1357 21
1358 15
1359 25
1360 6
1361 12
1362 31
1363 9
1364 12
1365 20
1366 23
1367 10
1368 33
1369 3
1370 12
1371 19
1372 21
1373 17
1374 10
1375 12
1376 12
1377 25
1378 15
1379 21
1380 5
1381 12
1382 16
1383 18
1384 16
1385 20
1386 20
1387 11
1388 8
1389 10
1390 15
1391 22
1392 11
1393 16
1394 14
1395 6
1396 6
1397 11
1398 21
1399 17
1400 30
1401 9
1402 5
1403 26
1404 12
1405 16
1406 33
1407 7
1408 14
1409 31
1410 13
1411 9
1412 24
1413 23
1414 31
1415 20
1416 11
1417 19
1418 18
1419 4
1420 24
1421 11
1422 25
1423 5
1424 19
1425 13
1426 1
1427 6
1428 11
1429 10
1430 9
1431 31
1432 35
1433 13
1434 17
1435 11
1436 28
1437 14
1438 29
1439 14
1440 20
1441 10
1442 23
1443 8
1444 12
1445 19
1446 20
1447 15
1448 12
1449 20
1450 18
1451 5
1452 10
1453 14
1454 25
1455 21
1456 17
1457 24
1458 5
1459 14
1460 18
1461 13
1462 10
1463 12
1464 16
1465 14
1466 24
1467 26
1468 20
1469 17
1470 15
1471 15
1472 27
1473 10
1474 19
1475 19
1476 14
1477 21
1478 10
1479 23
1480 16
1481 15
1482 13
1483 9
1484 27
1485 30
1486 18
1487 12
1488 20
1489 20
1490 17
1491 29
1492 17
1493 15
1494 17
1495 16
1496 13
1497 14
1498 22
1499 10
1500 23
1501 27
1502 13
1503 16
1504 17
1505 6
1506 21
1507 19
1508 26
1509 20
1510 22
1511 14
1512 14
1513 10
1514 28
1515 30
1516 17
1517 17
1518 12
1519 16
1520 12
1521 29
1522 21
1523 14
1524 14
1525 24
1526 16
1527 12
1528 11
1529 18
1530 17
1531 20
1532 15
1533 12
1534 29
1535 21
1536 16
1537 26
1538 19
1539 16
1540 21
1541 25
1542 29
1543 14
1544 14
1545 21
1546 8
1547 20
1548 30
1549 15
1550 23
1551 28
1552 14
1553 26
1554 22
1555 32
1556 12
1557 10
1558 14
1559 28
1560 13
1561 18
1562 20
1563 12
1564 19
1565 17
1566 4
1567 5
1568 14
1569 28
1570 20
1571 18
1572 23
1573 15
1574 7
1575 23
1576 16
1577 13
1578 22
1579 15
1580 13
1581 30
1582 23
1583 35
1584 20
1585 9
1586 16
1587 24
1588 23
1589 21
1590 19
1591 18
1592 25
1593 20
1594 14
1595 14
1596 15
1597 5
1598 12
1599 20
1600 7
1601 17
1602 12
1603 6
1604 21
1605 19
1606 13
1607 20
1608 10
1609 11
1610 9
1611 31
1612 10
1613 20
1614 6
1615 20
1616 7
1617 9
1618 11
1619 19
1620 8
1621 12
1622 24
1623 10
1624 10
1625 13
1626 20
1627 13
1628 27
1629 21
1630 4
1631 8
1632 2
1633 6
1634 9
1635 9
1636 11
1637 13
1638 25
1639 7
1640 14
1641 11
1642 6
1643 20
1644 24
1645 17
1646 15
1647 11
1648 20
1649 15
1650 12
1651 6
1652 13
1653 20
1654 22
1655 11
1656 18
1657 26
1658 11
1659 18
1660 25
1661 5
1662 8
1663 6
1664 24
1665 16
1666 15
1667 26
1668 19
1669 16
1670 13
1671 27
1672 13
1673 20
1674 14
1675 9
1676 3
1677 17
1678 7
1679 17
1680 11
1681 8
1682 21
1683 14
1684 14
1685 19
1686 13
1687 36
1688 9
1689 14
1690 16
1691 8
1692 15
1693 18
1694 5
1695 28
1696 19
1697 13
1698 21
1699 12
1700 14
1701 8
1702 15
1703 8
1704 11
1705 12
1706 17
1707 16
1708 21
1709 32
1710 7
1711 11
1712 15
1713 11
1714 15
1715 21
1716 22
1717 12
1718 17
1719 15
1720 33
1721 15
1722 16
1723 18
1724 16
1725 9
1726 8
1727 16
1728 26
1729 15
1730 16
1731 9
1732 14
1733 9
1734 9
1735 17
1736 9
1737 21
1738 15
1739 12
1740 11
1741 18
1742 12
1743 18
1744 20
1745 13
1746 6
1747 6
1748 22
1749 17
1750 16
1751 4
1752 7
1753 26
1754 1
1755 19
1756 16
1757 22
1758 17
1759 15
1760 16
1761 15
1762 19
1763 26
1764 26
1765 13
1766 12
1767 9
1768 5
1769 18
1770 18
1771 33
1772 11
1773 21
1774 16
1775 12
1776 13
1777 31
1778 15
1779 27
1780 17
1781 16
1782 12
1783 17
1784 20
1785 26
1786 12
1787 34
1788 22
1789 14
1790 20
1791 23
1792 19
1793 23
1794 39
1795 23
1796 16
1797 15
1798 25
1799 12
1800 21
1801 11
1802 15
1803 17
1804 9
1805 30
1806 11
1807 7
1808 9
1809 3
1810 1
1811 5
1812 21
1813 19
1814 12
1815 25
1816 5
1817 22
1818 16
1819 18
1820 15
1821 8
1822 21
1823 10
1824 21
1825 27
1826 20
1827 22
1828 22
1829 10
1830 20
1831 11
1832 15
1833 12
1834 14
1835 15
1836 12
1837 15
1838 12
1839 18
1840 47
1841 20
1842 14
1843 24
1844 12
1845 19
1846 16
1847 17
1848 26
1849 31
1850 23
1851 16
1852 38
1853 21
1854 19
1855 6
1856 26
1857 16
1858 18
1859 19
1860 13
1861 10
1862 28
1863 17
1864 18
1865 18
1866 23
1867 29
1868 18
1869 10
1870 9
1871 23
1872 21
1873 24
1874 11
1875 17
1876 29
1877 21
1878 21
1879 23
1880 15
1881 20
1882 30
1883 16
1884 17
1885 7
1886 20
1887 26
1888 28
1889 24
1890 10
1891 23
1892 29
1893 16
1894 21
1895 10
1896 22
1897 19
1898 16
1899 19
1900 22
1901 15
1902 19
1903 15
1904 23
1905 10
1906 15
1907 22
1908 18
1909 20
1910 21
1911 17
1912 25
1913 14
1914 26
1915 17
1916 34
1917 10
1918 16
1919 30
1920 8
1921 15
1922 16
1923 24
1924 18
1925 36
1926 22
1927 20
1928 28
1929 21
1930 10
1931 23
1932 12
1933 9
1934 19
1935 20
1936 22
1937 21
1938 22
1939 19
1940 11
1941 11
1942 15
1943 20
1944 28
1945 12
1946 14
1947 28
1948 14
1949 16
1950 20
1951 17
1952 20
1953 23
1954 21
1955 28
1956 17
1957 33
1958 23
1959 26
1960 28
1961 30
1962 9
1963 16
1964 9
1965 9
1966 11
1967 24
1968 20
1969 11
1970 15
1971 31
1972 15
1973 21
1974 15
1975 11
1976 23
1977 25
1978 25
1979 13
1980 18
1981 35
1982 23
1983 17
1984 12
1985 18
1986 20
1987 22
1988 12
1989 13
1990 16
1991 9
1992 24
1993 13
1994 10
1995 8
1996 28
1997 36
1998 24
1999 15
2000 16
2001 14
2002 23
2003 31
2004 19
2005 27
2006 13
2007 13
2008 9
2009 18
2010 16
2011 10
2012 7
2013 27
2014 2
2015 21
2016 6
2017 15
2018 21
2019 13
2020 18
2021 32
2022 12
2023 33
2024 18
2025 19
2026 21
2027 9
2028 17
2029 11
2030 19
2031 13
2032 9
2033 24
2034 21
2035 29
2036 11
2037 12
2038 16
2039 10
2040 16
2041 26
2042 15
2043 20
2044 24
2045 17
2046 20
2047 25
2048 21
2049 33
2050 7
2051 15
2052 21
2053 6
2054 15
2055 10
2056 0
2057 10
2058 18
2059 16
2060 5
2061 11
2062 12
2063 33
2064 18
2065 26
2066 23
2067 14
2068 15
2069 14
2070 6
2071 25
2072 16
2073 19
2074 23
2075 8
2076 26
2077 28
2078 19
2079 18
2080 11
2081 12
2082 32
2083 23
2084 18
2085 29
2086 17
2087 26
2088 24
2089 18
2090 22
2091 15
2092 30
2093 10
2094 15
2095 14
2096 20
2097 24
2098 16
2099 27
2100 5
2101 9
2102 41
2103 22
2104 12
2105 24
2106 19
2107 25
2108 23
2109 26
2110 16
2111 13
2112 24
2113 24
2114 17
2115 7
2116 7
2117 8
2118 23
2119 35
2120 11
2121 25
2122 14
2123 25
2124 20
2125 15
2126 26
2127 9
2128 25
2129 26
2130 11
2131 12
2132 22
2133 22
2134 20
2135 12
2136 15
2137 6
2138 20
2139 32
2140 8
2141 12
2142 35
2143 20
2144 15
2145 13
2146 9
2147 10
2148 17
2149 20
2150 18
2151 13
2152 15
2153 4
2154 9
2155 16
2156 10
2157 15
2158 15
2159 22
2160 31
2161 22
2162 24
2163 13
2164 21
2165 9
2166 27
2167 9
2168 13
2169 10
2170 18
2171 19
2172 16
2173 16
2174 10
2175 30
2176 28
2177 23
2178 22
2179 15
2180 7
2181 27
2182 18
2183 8
2184 4
2185 26
2186 22
2187 37
2188 17
2189 17
2190 11
2191 12
2192 24
2193 24
2194 9
2195 20
2196 4
2197 8
2198 9
2199 4
2200 13
2201 16
2202 20
2203 5
2204 11
2205 9
2206 20
2207 8
2208 28
2209 23
2210 8
2211 17
2212 7
2213 18
2214 27
2215 24
2216 8
2217 25
2218 22
2219 21
2220 9
2221 15
2222 19
2223 6
2224 5
2225 6
2226 13
2227 20
2228 10
2229 7
2230 19
2231 15
2232 6
2233 15
2234 24
2235 19
2236 11
2237 7
2238 20
2239 8
2240 13
2241 11
2242 11
2243 27
2244 8
2245 23
2246 12
2247 17
2248 15
2249 12
2250 24
2251 12
2252 27
2253 22
2254 11
2255 8
2256 27
2257 18
2258 27
2259 29
2260 9
2261 17
2262 15
2263 34
2264 35
2265 37
2266 24
2267 21
2268 18
2269 15
2270 20
2271 33
2272 18
2273 9
2274 16
2275 19
2276 35
2277 28
2278 17
2279 15
2280 33
2281 13
2282 21
2283 28
2284 24
2285 20
2286 16
2287 14
2288 9
2289 17
2290 9
2291 11
2292 13
2293 16
2294 30
2295 19
2296 19
2297 15
2298 22
2299 24
2300 26
2301 12
2302 13
2303 18
2304 16
2305 13
2306 26
2307 19
2308 9
2309 24
2310 29
2311 6
2312 21
2313 16
2314 26
2315 15
2316 19
2317 15
2318 17
2319 11
2320 14
2321 29
2322 17
2323 14
2324 11
2325 22
2326 13
2327 5
2328 17
2329 15
2330 26
2331 16
2332 10
2333 26
2334 13
2335 11
2336 27
2337 6
2338 35
2339 22
2340 20
2341 9
2342 16
2343 4
2344 18
2345 9
2346 22
2347 12
2348 19
2349 13
2350 27
2351 14
2352 13
2353 24
2354 20
2355 14
2356 18
2357 23
2358 25
2359 8
2360 16
2361 9
2362 18
2363 12
2364 27
2365 16
2366 19
2367 11
2368 12
2369 17
2370 17
2371 12
2372 31
2373 16
2374 34
2375 22
2376 15
2377 30
2378 15
2379 11
2380 16
2381 10
2382 7
2383 10
2384 24
2385 13
2386 29
2387 16
2388 19
2389 13
2390 17
2391 12
2392 10
2393 10
2394 10
2395 24
2396 15
2397 20
2398 23
2399 17
2400 18
2401 17
2402 18
2403 30
2404 15
2405 4
2406 22
2407 29
2408 27
2409 20
2410 18
2411 13
2412 9
2413 11
2414 20
2415 23
2416 26
2417 9
2418 15
2419 15
2420 20
2421 17
2422 30
2423 27
2424 18
2425 10
2426 9
2427 17
2428 16
2429 13
2430 23
2431 14
2432 17
2433 16
2434 27
2435 11
2436 14
2437 10
2438 6
2439 26
2440 17
2441 10
2442 18
2443 22
2444 22
2445 21
2446 15
2447 9
2448 17
2449 17
2450 24
2451 22
2452 22
2453 15
2454 12
2455 15
2456 29
2457 16
2458 6
2459 22
2460 24
2461 15
2462 23
2463 25
2464 19
2465 29
2466 21
2467 22
2468 23
2469 31
2470 12
2471 11
2472 17
2473 2
2474 22
2475 15
2476 29
2477 16
2478 5
2479 26
2480 17
2481 19
2482 18
2483 14
2484 3
2485 18
2486 26
2487 15
2488 15
2489 20
2490 21
2491 26
2492 26
2493 16
2494 15
2495 21
2496 21
2497 14
2498 18
2499 15
2500 23
2501 18
2502 15
2503 21
2504 22
2505 13
2506 17
2507 28
2508 26
2509 26
2510 13
2511 15
2512 23
2513 17
2514 15
2515 18
2516 26
2517 18
2518 18
2519 29
2520 25
2521 21
2522 20
2523 20
2524 28
2525 12
2526 25
2527 33
2528 12
2529 18
2530 15
2531 21
2532 15
2533 19
2534 27
2535 11
2536 19
2537 19
2538 16
2539 15
2540 12
2541 20
2542 17
2543 3
2544 10
2545 23
2546 15
2547 20
2548 21
2549 18
2550 11
2551 15
2552 13
2553 22
2554 10
2555 14
2556 25
2557 5
2558 16
2559 18
2560 3
2561 16
2562 11
2563 9
2564 13
2565 9
2566 11
2567 14
2568 22
2569 12
2570 6
2571 11
2572 14
2573 16
2574 10
2575 13
2576 11
2577 12
2578 24
2579 8
2580 15
2581 11
2582 9
2583 9
2584 6
2585 9
2586 3
2587 7
2588 2
2589 14
2590 1
2591 13
2592 19
2593 7
2594 7
2595 9
2596 8
2597 13
2598 8
2599 4
2600 9
2601 23
2602 8
2603 14
2604 15
2605 13
2606 26
2607 6
2608 13
2609 18
2610 24
2611 10
2612 7
2613 11
2614 17
2615 7
2616 17
2617 14
2618 13
2619 20
2620 20
2621 5
2622 19
2623 9
2624 16
2625 14
2626 18
2627 30
2628 30
2629 17
2630 7
2631 15
2632 17
2633 16
2634 7
2635 20
2636 7
2637 14
2638 14
2639 7
2640 9
2641 14
2642 6
2643 17
2644 14
2645 11
2646 26
2647 27
2648 12
2649 15
2650 27
2651 16
2652 22
2653 19
2654 16
2655 5
2656 12
2657 14
2658 22
2659 20
2660 17
2661 19
2662 22
2663 12
2664 17
2665 13
2666 20
2667 11
2668 5
2669 25
2670 20
2671 27
2672 16
2673 8
2674 10
2675 39
2676 8
2677 11
2678 19
2679 3
2680 10
2681 5
2682 21
2683 12
2684 16
2685 18
2686 14
2687 6
2688 9
2689 5
2690 20
2691 12
2692 3
2693 9
2694 21
2695 10
2696 18
2697 7
2698 10
2699 13
2700 25
2701 15
2702 16
2703 14
2704 2
2705 22
2706 8
2707 16
2708 9
2709 20
2710 25
2711 17
2712 21
2713 20
2714 22
2715 24
2716 14
2717 10
2718 14
2719 6
2720 12
2721 8
2722 13
2723 18
2724 17
2725 7
2726 29
2727 15
2728 14
2729 15
2730 12
2731 7
2732 17
2733 12
2734 36
2735 22
2736 10
2737 12
2738 16
2739 5
2740 15
2741 26
2742 3
2743 22
2744 24
2745 12
2746 13
2747 18
2748 13
2749 13
2750 20
2751 20
2752 15
2753 23
2754 14
2755 21
2756 24
2757 19
2758 14
2759 17
2760 15
2761 21
2762 15
2763 25
2764 15
2765 9
2766 9
2767 14
2768 8
2769 22
2770 22
2771 16
2772 12
2773 11
2774 20
2775 18
2776 16
2777 10
2778 24
2779 21
2780 4
2781 16
2782 12
2783 21
2784 14
2785 10
2786 11
2787 20
2788 16
2789 12
2790 27
2791 21
2792 8
2793 21
2794 14
2795 23
2796 7
2797 8
2798 22
2799 13
2800 21
2801 14
2802 10
2803 20
2804 11
2805 18
2806 7
2807 6
2808 7
2809 7
2810 12
2811 27
2812 5
2813 25
2814 10
2815 20
2816 12
2817 22
2818 26
2819 14
2820 15
2821 17
2822 24
2823 25
2824 26
2825 19
2826 19
2827 16
2828 14
2829 24
2830 13
2831 17
2832 20
2833 15
2834 25
2835 10
2836 11
2837 18
2838 18
2839 16
2840 13
2841 15
2842 23
2843 27
2844 16
2845 15
2846 12
2847 16
2848 23
2849 10
2850 17
2851 18
2852 12
2853 14
2854 12
2855 26
2856 18
2857 12
2858 23
2859 35
2860 22
2861 21
2862 15
2863 18
2864 16
2865 13
2866 10
2867 7
2868 6
2869 26
2870 17
2871 16
2872 14
2873 20
2874 18
2875 14
2876 20
2877 26
2878 18
2879 5
2880 24
2881 27
2882 25
2883 27
2884 12
2885 15
2886 25
2887 24
2888 6
2889 16
2890 11
2891 11
2892 22
2893 12
2894 20
2895 14
2896 9
2897 20
2898 12
2899 15
2900 30
2901 19
2902 11
2903 16
2904 7
2905 17
2906 26
2907 23
2908 9
2909 18
2910 18
2911 16
2912 25
2913 12
2914 22
2915 28
2916 26
2917 29
2918 10
2919 15
2920 18
2921 27
2922 14
2923 14
2924 19
2925 9
2926 29
2927 21
2928 20
2929 22
2930 22
2931 41
2932 18
2933 16
2934 19
2935 15
2936 20
2937 24
2938 14
2939 18
2940 23
2941 12
2942 15
2943 20
2944 29
2945 22
2946 23
2947 31
2948 15
2949 18
2950 18
2951 18
2952 10
2953 29
2954 21
2955 22
2956 14
2957 15
2958 7
2959 13
2960 23
2961 23
2962 26
2963 26
2964 9
2965 30
2966 23
2967 23
2968 33
2969 17
2970 17
2971 20
2972 23
2973 12
2974 14
2975 24
2976 17
2977 18
2978 26
2979 30
2980 13
2981 21
2982 14
2983 14
2984 19
2985 16
2986 18
2987 4
2988 7
2989 25
2990 15
2991 16
2992 20
2993 8
2994 33
2995 25
2996 19
2997 24
2998 24
2999 23
3000 23
3001 24
3002 17
3003 16
3004 25
3005 27
3006 21
3007 9
3008 12
3009 13
3010 20
3011 22
3012 4
3013 15
3014 13
3015 17
3016 17
3017 15
3018 3
3019 17
3020 32
3021 20
3022 18
3023 23
3024 20
3025 29
3026 25
3027 19
3028 10
3029 28
3030 10
3031 24
3032 25
3033 19
3034 33
3035 22
3036 18
3037 23
3038 18
3039 9
3040 22
3041 23
3042 15
3043 17
3044 14
3045 28
3046 19
3047 11
3048 21
3049 23
3050 13
3051 13
3052 14
3053 23
3054 18
3055 15
3056 24
3057 19
3058 19
3059 20
3060 18
3061 23
3062 13
3063 23
3064 11
3065 15
3066 27
3067 17
3068 19
3069 21
3070 22
3071 16
3072 11
3073 18
3074 37
3075 18
3076 22
3077 15
3078 19
3079 13
3080 19
3081 17
3082 14
3083 7
3084 17
3085 10
3086 12
3087 5
3088 10
3089 9
3090 5
3091 14
3092 14
3093 26
3094 11
3095 12
3096 16
3097 19
3098 14
3099 5
3100 11
3101 15
3102 15
3103 18
3104 14
3105 23
3106 26
3107 20
3108 19
3109 15
3110 13
3111 14
3112 15
3113 22
3114 11
3115 21
3116 18
3117 19
3118 19
3119 16
3120 16
3121 15
3122 22
3123 11
3124 17
3125 27
3126 21
3127 13
3128 26
3129 12
3130 10
3131 19
3132 18
3133 0
3134 29
3135 11
3136 23
3137 25
3138 27
3139 4
3140 21
3141 17
3142 33
3143 30
3144 18
3145 27
3146 11
3147 20
3148 25
3149 24
3150 10
3151 30
3152 10
3153 23
3154 17
3155 16
3156 13
3157 16
3158 17
3159 18
3160 18
3161 10
3162 21
3163 18
3164 27
3165 18
3166 23
3167 26
3168 15
3169 17
3170 19
3171 16
3172 30
3173 21
3174 19
3175 17
3176 28
3177 15
3178 14
3179 16
3180 25
3181 26
3182 24
3183 32
3184 12
3185 19
3186 8
3187 13
3188 18
3189 11
3190 15
3191 15
3192 16
3193 20
3194 19
3195 13
3196 21
3197 26
3198 24
3199 28
3200 26
3201 18
3202 21
3203 26
3204 18
3205 12
3206 28
3207 15
3208 21
3209 12
3210 6
3211 16
3212 7
3213 3
3214 15
3215 19
3216 11
3217 13
3218 25
3219 40
3220 12
3221 21
3222 15
3223 35
3224 16
3225 15
3226 30
3227 19
3228 33
3229 22
3230 28
3231 26
3232 39
3233 17
3234 23
3235 22
3236 33
3237 19
3238 30
3239 20
3240 30
3241 14
3242 18
3243 14
3244 20
3245 24
3246 19
3247 18
3248 30
3249 21
3250 16
3251 18
3252 15
3253 26
3254 32
3255 29
3256 9
3257 28
3258 12
3259 19
3260 7
3261 12
3262 12
3263 15
3264 21
3265 14
3266 12
3267 30
3268 23
3269 14
3270 16
3271 24
3272 9
3273 12
3274 9
3275 15
3276 13
3277 24
3278 11
3279 29
3280 19
3281 13
3282 10
3283 16
3284 17
3285 23
3286 14
3287 6
3288 4
3289 14
3290 16
3291 14
3292 11
3293 31
3294 22
3295 22
3296 17
3297 26
3298 27
3299 29
3300 29
3301 24
3302 11
3303 17
3304 22
3305 19
3306 22
3307 26
3308 8
3309 24
3310 13
3311 10
3312 14
3313 28
3314 29
3315 31
3316 21
3317 10
3318 20
3319 24
3320 10
3321 31
3322 11
3323 30
3324 20
3325 23
3326 24
3327 17
3328 17
3329 29
3330 21
3331 19
3332 14
3333 28
3334 30
3335 36
3336 19
3337 15
3338 20
3339 15
3340 39
3341 16
3342 26
3343 15
3344 22
3345 34
3346 15
3347 10
3348 19
3349 24
3350 17
3351 20
3352 19
3353 25
3354 6
3355 7
3356 13
3357 19
3358 18
3359 19
3360 19
3361 19
3362 6
3363 16
3364 23
3365 14
3366 18
3367 19
3368 16
3369 19
3370 29
3371 14
3372 17
3373 23
3374 18
3375 23
3376 10
3377 17
3378 24
3379 12
3380 4
3381 14
3382 8
3383 23
3384 27
3385 15
3386 18
3387 14
3388 14
3389 18
3390 23
3391 20
3392 20
3393 16
3394 31
3395 17
3396 20
3397 14
3398 16
3399 3
3400 12
3401 21
3402 16
3403 14
3404 15
3405 6
3406 21
3407 17
3408 19
3409 12
3410 22
3411 25
3412 19
3413 26
3414 16
3415 6
3416 12
3417 15
3418 20
3419 24
3420 20
3421 19
3422 8
3423 14
3424 13
3425 5
3426 25
3427 19
3428 10
3429 16
3430 19
3431 17
3432 22
3433 15
3434 3
3435 20
3436 14
3437 17
3438 18
3439 19
3440 28
3441 18
3442 26
3443 14
3444 15
3445 37
3446 24
3447 21
3448 25
3449 28
3450 15
3451 22
3452 13
3453 8
3454 16
3455 20
3456 17
3457 14
3458 26
3459 27
3460 21
3461 28
3462 15
3463 15
3464 31
3465 22
3466 30
3467 19
3468 12
3469 23
3470 9
3471 22
3472 5
3473 20
3474 23
3475 16
3476 20
3477 17
3478 15
3479 4
3480 25
3481 9
3482 20
3483 17
3484 9
3485 20
3486 21
3487 18
3488 13
3489 20
3490 18
3491 23
3492 23
3493 22
3494 18
3495 20
3496 7
3497 17
3498 13
3499 23
3500 20
3501 20
3502 12
3503 19
3504 22
3505 19
3506 18
3507 13
3508 19
3509 15
3510 23
3511 24
3512 19
3513 10
3514 23
3515 6
3516 15
3517 1
3518 15
3519 7
3520 17
3521 12
3522 18
3523 13
3524 12
3525 9
3526 15
3527 16
3528 12
3529 13
3530 21
3531 29
3532 12
3533 27
3534 19
3535 17
3536 9
3537 14
3538 26
3539 11
3540 24
3541 7
3542 21
3543 8
3544 7
3545 15
3546 8
3547 14
3548 3
3549 17
3550 20
3551 15
3552 11
3553 9
3554 12
3555 14
3556 12
3557 10
3558 22
3559 12
3560 23
3561 18
3562 8
3563 20
3564 16
3565 19
3566 16
3567 8
3568 11
3569 18
3570 12
3571 12
3572 10
3573 9
3574 12
3575 21
3576 9
3577 26
3578 29
3579 19
3580 26
3581 9
3582 9
3583 5
3584 10
3585 4
3586 5
3587 8
3588 26
3589 9
3590 8
3591 6
3592 18
3593 0
3594 9
3595 4
3596 7
3597 7
3598 7
3599 11
3600 15
3601 7
3602 27
3603 11
3604 8
3605 5
3606 17
3607 6
3608 6
3609 12
3610 7
3611 11
3612 13
3613 7
3614 10
3615 15
3616 29
3617 19
3618 20
3619 20
3620 14
3621 17
3622 12
3623 25
3624 17
3625 11
3626 15
3627 10
3628 22
3629 17
3630 7
3631 12
3632 13
3633 14
3634 7
3635 18
3636 18
3637 14
3638 9
3639 18
3640 18
3641 9
3642 16
3643 18
3644 25
3645 22
3646 14
3647 18
3648 27
3649 19
3650 18
3651 17
3652 12
3653 17
3654 24
3655 15
3656 25
3657 20
3658 20
3659 17
3660 19
3661 15
3662 17
3663 11
3664 20
3665 11
3666 19
3667 20
3668 19
3669 15
3670 19
3671 22
3672 7
3673 17
3674 12
3675 9
3676 13
3677 16
3678 16
3679 19
3680 0
3681 20
3682 6
3683 13
3684 11
3685 14
3686 12
3687 5
3688 1
3689 16
3690 16
3691 8
3692 14
3693 0
3694 28
3695 4
3696 4
3697 9
3698 9
3699 7
3700 4
3701 25
3702 20
3703 22
3704 17
3705 3
3706 5
3707 6
3708 7
3709 2
3710 13
3711 15
3712 10
3713 6
3714 9
3715 20
3716 3
3717 14
3718 17
3719 24
3720 8
3721 16
3722 18
3723 19
3724 10
3725 14
3726 16
3727 12
3728 11
3729 19
3730 12
3731 14
3732 5
3733 9
3734 14
3735 13
3736 8
3737 16
3738 28
3739 5
3740 10
3741 13
3742 15
3743 9
3744 20
3745 9
3746 19
3747 10
3748 14
3749 22
3750 17
3751 24
3752 7
3753 6
3754 20
3755 18
3756 21
3757 20
3758 19
3759 8
3760 18
3761 11
3762 13
3763 7
3764 17
3765 13
3766 13
3767 10
3768 11
3769 15
3770 21
3771 17
3772 9
3773 15
3774 9
3775 9
3776 17
3777 19
3778 19
3779 10
3780 12
3781 10
3782 18
3783 7
3784 12
3785 16
3786 19
3787 13
3788 14
3789 9
3790 15
3791 24
3792 22
3793 10
3794 5
3795 10
3796 20
3797 8
3798 18
3799 12
3800 9
3801 18
3802 15
3803 16
3804 10
3805 20
3806 6
3807 19
3808 10
3809 17
3810 17
3811 14
3812 16
3813 4
3814 26
3815 6
3816 11
3817 9
3818 18
3819 16
3820 24
3821 17
3822 12
3823 17
3824 13
3825 19
3826 22
3827 22
3828 11
3829 12
3830 10
3831 11
3832 25
3833 23
3834 14
3835 22
3836 16
3837 22
3838 14
3839 23
3840 29
3841 5
3842 18
3843 14
3844 15
3845 17
3846 14
3847 18
3848 8
3849 2
3850 10
3851 23
3852 24
3853 20
3854 34
3855 16
3856 11
3857 13
3858 10
3859 11
3860 13
3861 19
3862 19
3863 15
3864 7
3865 17
3866 15
3867 13
3868 18
3869 14
3870 18
3871 22
3872 17
3873 5
3874 11
3875 8
3876 20
3877 12
3878 21
3879 16
3880 9
3881 8
3882 17
3883 19
3884 17
3885 7
3886 23
3887 9
3888 12
3889 25
3890 9
3891 7
3892 21
3893 9
3894 20
3895 13
3896 15
3897 18
3898 15
3899 12
3900 15
3901 12
3902 7
3903 13
3904 10
3905 7
3906 10
3907 9
3908 29
3909 7
3910 8
3911 14
3912 6
3913 7
3914 14
3915 16
3916 11
3917 12
3918 22
3919 18
3920 9
3921 11
3922 14
3923 14
3924 18
3925 12
3926 15
3927 16
3928 20
3929 28
3930 20
3931 23
3932 19
3933 16
3934 7
3935 20
3936 14
3937 23
3938 7
3939 21
3940 20
3941 15
3942 13
3943 13
3944 22
3945 12
3946 20
3947 20
3948 9
3949 25
3950 22
3951 14
3952 17
3953 11
3954 13
3955 8
3956 10
3957 16
3958 20
3959 8
3960 12
3961 8
3962 12
3963 9
3964 10
3965 14
3966 14
3967 10
3968 5
3969 15
3970 18
3971 17
3972 21
3973 17
3974 11
3975 20
3976 10
3977 9
3978 7
3979 18
3980 9
3981 14
3982 22
3983 12
3984 6
3985 6
3986 9
3987 9
3988 18
3989 7
3990 7
3991 16
3992 14
3993 14
3994 28
3995 15
3996 23
3997 17
3998 21
3999 27
4000 16
4001 10
4002 28
4003 40
4004 29
4005 26
4006 11
4007 11
4008 18
4009 29
4010 23
4011 21
4012 21
4013 6
4014 8
4015 16
4016 20
4017 19
4018 24
4019 26
4020 10
4021 18
4022 23
4023 19
4024 29
4025 30
4026 18
4027 16
4028 19
4029 27
4030 14
4031 11
4032 28
4033 15
4034 18
4035 22
4036 3
4037 16
4038 15
4039 22
4040 22
4041 30
4042 11
4043 22
4044 18
4045 13
4046 23
4047 20
4048 14
4049 10
4050 15
4051 22
4052 8
4053 22
4054 16
4055 9
4056 12
4057 12
4058 26
4059 11
4060 1
4061 14
4062 17
4063 21
4064 21
4065 17
4066 29
4067 18
4068 17
4069 15
4070 23
4071 23
4072 22
4073 20
4074 34
4075 20
4076 4
4077 25
4078 24
4079 10
4080 12
4081 9
4082 15
4083 23
4084 15
4085 7
4086 10
4087 18
4088 15
4089 29
4090 5
4091 11
4092 10
4093 15
4094 8
4095 6
4096 18
4097 4
4098 6
4099 8
4100 8
4101 14
4102 9
4103 15
4104 20
4105 11
4106 6
4107 25
4108 31
4109 17
4110 3
4111 5
4112 19
4113 25
4114 12
4115 6
4116 27
4117 22
4118 19
4119 18
4120 24
4121 19
4122 16
4123 31
4124 30
4125 15
4126 10
4127 23
4128 20
4129 20
4130 18
4131 15
4132 3
4133 18
4134 21
4135 20
4136 20
4137 21
4138 8
4139 4
4140 17
4141 14
4142 21
4143 11
4144 19
4145 16
4146 27
4147 13
4148 10
4149 14
4150 10
4151 20
4152 14
4153 23
4154 26
4155 15
4156 24
4157 9
4158 24
4159 4
4160 18
4161 13
4162 23
4163 11
4164 19
4165 15
4166 13
4167 24
4168 24
4169 42
4170 25
4171 31
4172 31
4173 34
4174 22
4175 20
4176 28
4177 17
4178 19
4179 23
4180 17
4181 26
4182 16
4183 23
4184 17
4185 20
4186 18
4187 10
4188 18
4189 25
4190 12
4191 10
4192 21
4193 11
4194 8
4195 9
4196 16
4197 16
4198 7
4199 18
4200 20
4201 16
4202 8
4203 9
4204 23
4205 4
4206 12
4207 34
4208 14
4209 23
4210 24
4211 26
4212 17
4213 18
4214 17
4215 13
4216 16
4217 23
4218 12
4219 22
4220 15
4221 16
4222 6
4223 3
4224 7
4225 10
4226 20
4227 21
4228 16
4229 15
4230 26
4231 10
4232 7
4233 18
4234 12
4235 12
4236 15
4237 17
4238 10
4239 11
4240 16
4241 7
4242 18
4243 16
4244 14
4245 14
4246 15
4247 20
4248 22
4249 20
4250 20
4251 17
4252 7
4253 19
4254 29
4255 19
4256 8
4257 10
4258 33
4259 5
4260 5
4261 17
4262 20
4263 12
4264 14
4265 18
4266 15
4267 25
4268 19
4269 25
4270 16
4271 9
4272 17
4273 9
4274 9
4275 10
4276 23
4277 6
4278 6
4279 12
4280 13
4281 19
4282 6
4283 16
4284 24
4285 11
4286 23
4287 14
4288 34
4289 38
4290 14
4291 9
4292 17
4293 29
4294 24
4295 12
4296 26
4297 13
4298 16
4299 26
4300 13
4301 14
4302 30
4303 18
4304 6
4305 12
4306 33
4307 34
4308 27
4309 15
4310 8
4311 19
4312 10
4313 30
4314 19
4315 13
4316 17
4317 26
4318 20
4319 22
4320 17
4321 21
4322 25
4323 20
4324 10
4325 21
4326 17
4327 9
4328 8
4329 21
4330 16
4331 14
4332 16
4333 6
4334 15
4335 22
4336 4
4337 11
4338 7
4339 23
4340 11
4341 9
4342 19
4343 22
4344 11
4345 13
4346 16
4347 19
4348 13
4349 25
4350 7
4351 13
4352 16
4353 17
4354 31
4355 11
4356 13
4357 15
4358 22
4359 9
4360 12
4361 13
4362 15
4363 12
4364 20
4365 16
4366 18
4367 15
4368 15
4369 9
4370 27
4371 26
4372 8
4373 12
4374 6
4375 19
4376 6
4377 13
4378 10
4379 7
4380 32
4381 22
4382 9
4383 14
4384 19
4385 12
4386 13
4387 7
4388 9
4389 31
4390 34
4391 1
4392 21
4393 14
4394 21
4395 34
4396 10
4397 9
4398 12
4399 2
4400 9
4401 6
4402 10
4403 13
4404 7
4405 12
4406 18
4407 10
4408 15
4409 18
4410 8
4411 12
4412 17
4413 25
4414 25
4415 12
4416 22
4417 33
4418 34
4419 6
4420 26
4421 22
4422 20
4423 15
4424 16
4425 12
4426 14
4427 18
4428 15
4429 25
4430 15
4431 32
4432 9
4433 13
4434 10
4435 11
4436 15
4437 11
4438 15
4439 16
4440 18
4441 22
4442 20
4443 18
4444 14
4445 17
4446 15
4447 15
4448 6
4449 14
4450 5
4451 5
4452 11
4453 19
4454 19
4455 16
4456 20
4457 5
4458 28
4459 12
4460 20
4461 17
4462 7
4463 8
4464 8
4465 16
4466 8
4467 16
4468 10
4469 13
4470 21
4471 12
4472 10
4473 20
4474 28
4475 18
4476 11
4477 23
4478 13
4479 22
4480 34
4481 10
4482 34
4483 19
4484 14
4485 10
4486 8
4487 8
4488 17
4489 8
4490 23
4491 19
4492 13
4493 4
4494 16
4495 14
4496 15
4497 22
4498 8
4499 24
4500 12
4501 4
4502 8
4503 21
4504 15
4505 18
4506 23
4507 3
4508 19
4509 11
4510 17
4511 19
4512 16
4513 11
4514 20
4515 17
4516 17
4517 8
4518 7
4519 12
4520 24
4521 6
4522 9
4523 20
4524 15
4525 21
4526 22
4527 12
4528 7
4529 19
4530 14
4531 5
4532 16
4533 21
4534 16
4535 23
4536 12
4537 16
4538 19
4539 20
4540 14
4541 17
4542 15
4543 12
4544 11
4545 12
4546 17
4547 8
4548 5
4549 7
4550 15
4551 19
4552 12
4553 9
4554 15
4555 11
4556 8
4557 8
4558 9
4559 10
4560 11
4561 17
4562 16
4563 19
4564 15
4565 11
4566 11
4567 15
4568 14
4569 6
4570 15
4571 19
4572 16
4573 23
4574 26
4575 16
4576 10
4577 20
4578 9
4579 8
4580 13
4581 16
4582 16
4583 7
4584 16
4585 13
4586 12
4587 16
4588 17
4589 17
4590 18
4591 27
4592 10
4593 12
4594 17
4595 4
4596 17
4597 12
4598 16
4599 13
4600 8
4601 19
4602 21
4603 26
4604 12
4605 35
4606 10
4607 11
4608 20
4609 16
4610 22
4611 16
4612 7
4613 16
4614 25
4615 16
4616 15
4617 13
4618 24
4619 17
4620 19
4621 19
4622 24
4623 20
4624 11
4625 24
4626 25
4627 24
4628 14
4629 27
4630 17
4631 18
4632 13
4633 18
4634 24
4635 8
4636 12
4637 8
4638 19
4639 24
4640 22
4641 20
4642 1
4643 19
4644 8
4645 15
4646 22
4647 14
4648 16
4649 9
4650 22
4651 17
4652 4
4653 25
4654 15
4655 16
4656 10
4657 15
4658 24
4659 25
4660 10
4661 11
4662 16
4663 7
4664 13
4665 15
4666 26
4667 15
4668 13
4669 15
4670 22
4671 10
4672 17
4673 12
4674 16
4675 15
4676 9
4677 18
4678 9
4679 15
4680 10
4681 15
4682 20
4683 27
4684 9
4685 16
4686 19
4687 24
4688 16
4689 9
4690 37
4691 18
4692 12
4693 27
4694 15
4695 20
4696 10
4697 14
4698 17
4699 18
4700 23
4701 10
4702 20
4703 23
4704 20
4705 8
4706 31
4707 18
4708 43
4709 19
4710 9
4711 16
4712 11
4713 25
4714 12
4715 7
4716 14
4717 21
4718 21
4719 12
4720 12
4721 12
4722 17
4723 8
4724 26
4725 18
4726 15
4727 18
4728 23
4729 21
4730 15
4731 1
4732 20
4733 14
4734 27
4735 26
4736 18
4737 12
4738 36
4739 21
4740 20
4741 20
4742 20
4743 19
4744 29
4745 4
4746 25
4747 19
4748 18
4749 23
4750 16
4751 11
4752 21
4753 23
4754 22
4755 20
4756 11
4757 23
4758 14
4759 8
4760 13
4761 31
4762 22
4763 15
4764 17
4765 27
4766 20
4767 9
4768 23
4769 17
4770 8
4771 17
4772 20
4773 17
4774 25
4775 11
4776 16
4777 22
4778 18
4779 33
4780 8
4781 13
4782 15
4783 15
4784 12
4785 17
4786 13
4787 19
4788 7
4789 14
4790 14
4791 23
4792 6
4793 10
4794 25
4795 21
4796 23
4797 19
4798 24
4799 22
4800 8
4801 18
4802 13
4803 15
4804 10
4805 6
4806 20
4807 14
4808 9
4809 20
4810 12
4811 19
4812 9
4813 15
4814 11
4815 2
4816 11
4817 19
4818 7
4819 17
4820 5
4821 18
4822 20
4823 10
4824 19
4825 5
4826 8
4827 12
4828 8
4829 8
4830 14
4831 12
4832 19
4833 6
4834 16
4835 11
4836 20
4837 16
4838 24
4839 13
4840 12
4841 10
4842 9
4843 14
4844 13
4845 15
4846 12
4847 9
4848 16
4849 28
4850 22
4851 4
4852 13
4853 21
4854 13
4855 20
4856 16
4857 15
4858 24
4859 16
4860 7
4861 23
4862 14
4863 5
4864 8
4865 10
4866 14
4867 9
4868 16
4869 12
4870 11
4871 3
4872 9
4873 12
4874 16
4875 25
4876 6
4877 19
4878 25
4879 14
4880 11
4881 9
4882 3
4883 7
4884 10
4885 19
4886 17
4887 14
4888 10
4889 15
4890 16
4891 16
4892 3
4893 8
4894 13
4895 24
4896 17
4897 14
4898 11
4899 16
4900 14
4901 14
4902 11
4903 4
4904 3
4905 9
4906 14
4907 13
4908 22
4909 16
4910 27
4911 18
4912 20
4913 20
4914 15
4915 16
4916 5
4917 10
4918 13
4919 7
4920 4
4921 9
4922 12
4923 10
4924 9
4925 10
4926 5
4927 10
4928 14
4929 13
4930 13
4931 14
4932 14
4933 31
4934 20
4935 4
4936 7
4937 20
4938 18
4939 28
4940 19
4941 37
4942 20
4943 21
4944 22
4945 16
4946 11
4947 24
4948 22
4949 7
4950 16
4951 17
4952 3
4953 15
4954 19
4955 11
4956 14
4957 18
4958 6
4959 10
4960 20
4961 21
4962 15
4963 13
4964 19
4965 12
4966 15
4967 10
4968 7
4969 20
4970 18
4971 12
4972 13
4973 14
4974 18
4975 16
4976 18
4977 28
4978 13
4979 12
4980 16
4981 15
4982 20
4983 26
4984 17
4985 20
4986 21
4987 23
4988 12
4989 5
4990 17
4991 12
4992 10
4993 19
4994 20
4995 15
4996 14
4997 23
4998 25
4999 16
5000 19
5001 9
