0 13
1 13
2 22
3 19
4 37
5 8
6 12
7 15
8 21
9 26
10 19
11 13
12 18
13 29
14 36
15 30
16 25
17 17
18 20
19 25
20 23
21 20
22 33
23 38
24 23
25 33
26 21
27 34
28 15
29 22
30 9
31 31
32 27
33 37
34 23
35 16
36 37
37 32
38 30
39 30
40 30
41 28
42 39
43 40
44 26
45 26
46 24
47 20
48 29
49 14
50 35
51 18
52 25
53 20
54 25
55 33
56 27
57 42
58 16
59 13
60 36
61 31
62 17
63 19
64 25
65 18
66 15
67 12
68 18
69 13
70 19
71 2
72 20
73 27
74 42
75 32
76 24
77 24
78 26
79 20
80 17
81 21
82 19
83 22
84 17
85 20
86 13
87 13
88 19
89 20
90 10
91 11
92 18
93 11
94 13
95 22
96 24
97 6
98 18
99 9
100 9
101 5
102 16
103 18
104 6
105 17
106 15
107 21
108 21
109 6
110 24
111 13
112 16
113 18
114 11
115 4
116 12
117 5
118 12
119 7
120 2
121 0
122 13
123 8
124 9
125 11
126 4
127 13
128 10
129 18
130 12
131 9
132 21
133 22
134 8
135 19
136 10
137 14
138 13
139 9
140 11
141 11
142 11
143 9
144 14
145 20
146 4
147 15
148 7
149 13
150 11
151 16
152 13
153 20
154 16
155 11
156 19
157 10
158 11
159 16
160 21
161 10
162 9
163 20
164 10
165 6
166 19
167 16
168 12
169 10
170 5
171 4
172 17
173 19
174 13
175 10
176 14
177 9
178 6
179 18
180 14
181 8
182 1
183 10
184 5
185 14
186 12
187 12
188 1
189 7
190 29
191 9
192 7
193 23
194 20
195 21
196 5
197 6
198 5
199 12
200 9
201 17
202 15
203 13
204 7
205 15
206 17
207 5
208 5
209 12
210 13
211 10
212 20
213 8
214 16
215 11
216 15
217 17
218 9
219 10
220 8
221 14
222 11
223 20
224 15
225 8
226 22
227 12
228 16
229 30
230 23
231 12
232 4
233 12
234 11
235 17
236 16
237 14
238 22
239 12
240 12
241 19
242 12
243 21
244 14
245 13
246 16
247 15
248 23
249 10
250 15
251 12
252 7
253 13
254 13
255 10
256 23
257 14
258 15
259 5
260 9
261 7
262 15
263 14
264 10
265 5
266 13
267 19
268 13
269 5
270 19
271 12
272 10
273 11
274 9
275 19
276 8
277 10
278 8
279 10
280 12
281 20
282 13
283 10
284 10
285 22
286 8
287 19
288 8
289 10
290 10
291 8
292 11
293 7
294 11
295 4
296 5
297 13
298 4
299 5
300 11
301 10
302 6
303 12
304 4
305 14
306 7
307 6
308 6
309 11
310 7
311 15
312 6
313 12
314 24
315 3
316 13
317 18
318 6
319 11
320 7
321 22
322 5
323 11
324 10
325 13
326 19
327 20
328 13
329 7
330 18
331 11
332 21
333 8
334 21
335 6
336 17
337 13
338 9
339 3
340 12
341 22
342 10
343 11
344 11
345 14
346 6
347 10
348 9
349 21
350 4
351 6
352 16
353 16
354 14
355 14
356 8
357 6
358 13
359 13
360 18
361 3
362 11
363 15
364 8
365 10
366 9
367 9
368 11
369 18
370 8
371 10
372 7
373 16
374 11
375 11
376 8
377 9
378 10
379 10
380 8
381 19
382 7
383 15
384 15
385 11
386 6
387 12
388 20
389 20
390 23
391 9
392 9
393 27
394 13
395 11
396 15
397 13
398 17
399 20
400 18
401 6
402 12
403 7
404 9
405 12
406 13
407 6
408 13
409 4
410 8
411 13
412 25
413 8
414 4
415 10
416 21
417 22
418 11
419 7
420 6
421 9
422 6
423 4
424 21
425 9
426 4
427 4
428 9
429 2
430 20
431 3
432 9
433 19
434 5
435 4
436 3
437 10
438 15
439 9
440 7
441 9
442 18
443 17
444 6
445 4
446 15
447 17
448 12
449 6
450 12
451 7
452 8
453 11
454 5
455 12
456 13
457 6
458 17
459 18
460 8
461 2
462 13
463 7
464 21
465 9
466 12
467 11
468 9
469 11
470 7
471 38
472 8
473 13
474 29
475 20
476 21
477 10
478 14
479 11
480 18
481 13
482 16
483 24
484 8
485 2
486 6
487 15
488 12
489 12
490 17
491 11
492 15
493 18
494 13
495 19
496 24
497 12
498 17
499 14
500 5
501 14
502 18
503 11
504 14
505 17
506 11
507 18
508 16
509 8
510 7
511 15
512 15
513 19
514 11
515 14
516 17
517 16
518 6
519 20
520 19
521 21
522 14
523 9
524 6
525 27
526 13
527 32
528 18
529 19
530 26
531 19
532 19
533 26
534 26
535 15
536 11
537 17
538 12
539 19
540 15
541 25
542 13
543 20
544 9
545 18
546 16
547 6
548 10
549 12
550 8
551 16
552 23
553 8
554 9
555 7
556 13
557 11
558 27
559 12
560 9
561 9
562 14
563 19
564 19
565 10
566 13
567 10
568 16
569 14
570 7
571 16
572 6
573 6
574 16
575 16
576 9
577 13
578 10
579 23
580 23
581 14
582 22
583 18
584 17
585 10
586 12
587 6
588 33
589 17
590 15
591 33
592 22
593 14
594 21
595 7
596 15
597 27
598 26
599 15
600 21
601 19
602 29
603 17
604 19
605 26
606 15
607 19
608 17
609 8
610 21
611 15
612 10
613 17
614 24
615 19
616 21
617 17
618 17
619 17
620 13
621 17
622 16
623 18
624 16
625 13
626 19
627 12
628 8
629 15
630 9
631 16
632 18
633 17
634 19
635 13
636 11
637 17
638 16
639 7
640 10
641 9
642 9
643 9
644 10
645 16
646 8
647 19
648 2
649 11
650 22
651 19
652 36
653 11
654 16
655 11
656 7
657 10
658 21
659 25
660 8
661 18
662 23
663 12
664 18
665 25
666 18
667 17
668 16
669 11
670 11
671 25
672 21
673 10
674 8
675 19
676 15
677 21
678 23
679 10
680 16
681 11
682 29
683 18
684 6
685 5
686 16
687 14
688 11
689 24
690 20
691 34
692 19
693 28
694 29
695 13
696 23
697 19
698 21
699 18
700 10
701 25
702 17
703 12
704 20
705 25
706 23
707 12
708 18
709 25
710 13
711 10
712 20
713 11
714 19
715 5
716 13
717 14
718 24
719 13
720 18
721 8
722 22
723 3
724 10
725 8
726 6
727 13
728 9
729 24
730 17
731 24
732 10
733 23
734 13
735 18
736 16
737 9
738 12
739 20
740 19
741 25
742 15
743 15
744 13
745 7
746 12
747 11
748 14
749 27
750 12
751 14
752 22
753 12
754 14
755 23
756 26
757 23
758 16
759 11
760 20
761 17
762 15
763 14
764 18
765 13
766 21
767 14
768 17
769 12
770 19
771 13
772 30
773 16
774 13
775 8
776 18
777 15
778 10
779 13
780 19
781 14
782 7
783 20
784 16
785 22
786 16
787 17
788 7
789 13
790 11
791 10
792 31
793 16
794 18
795 19
796 19
797 6
798 34
799 13
800 24
801 15
802 21
803 15
804 21
805 7
806 25
807 17
808 24
809 39
810 31
811 38
812 17
813 20
814 14
815 20
816 16
817 28
818 24
819 19
820 3
821 15
822 7
823 15
824 25
825 16
826 25
827 15
828 11
829 6
830 20
831 7
832 21
833 16
834 23
835 4
836 20
837 13
838 9
839 28
840 13
841 9
842 15
843 11
844 5
845 22
846 16
847 6
848 15
849 11
850 15
851 21
852 2
853 12
854 3
855 27
856 9
857 14
858 23
859 32
860 9
861 33
862 19
863 17
864 10
865 17
866 20
867 18
868 19
869 16
870 24
871 10
872 14
873 3
874 16
875 22
876 19
877 15
878 26
879 13
880 13
881 25
882 10
883 3
884 15
885 11
886 6
887 16
888 17
889 2
890 32
891 24
892 4
893 11
894 13
895 14
896 3
897 6
898 16
899 13
900 22
901 13
902 10
903 18
904 19
905 23
906 13
907 20
908 15
909 5
910 8
911 15
912 15
913 15
914 4
915 16
916 4
917 10
918 10
919 13
920 8
921 22
922 17
923 7
924 5
925 15
926 7
927 22
928 9
929 12
930 10
931 24
932 9
933 9
934 21
935 9
936 10
937 9
938 9
939 11
940 15
941 17
942 10
943 4
944 18
945 13
946 16
947 11
948 14
949 15
950 16
951 15
952 6
953 12
954 12
955 8
956 7
957 12
958 17
959 18
960 13
961 14
962 5
963 8
964 14
965 5
966 11
967 20
968 22
969 13
970 12
971 12
972 19
973 19
974 15
975 12
976 13
977 11
978 7
979 13
980 18
981 20
982 12
983 18
984 27
985 5
986 18
987 13
988 8
989 12
990 9
991 10
992 7
993 9
994 13
995 5
996 15
997 8
998 11
999 14
1000 14
1001 6
1002 21
1003 12
1004 18
1005 5
1006 14
1007 13
1008 10
1009 9
1010 4
1011 20
1012 10
1013 13
1014 15
1015 13
1016 12
1017 16
1018 12
1019 11
1020 19
1021 13
1022 4
1023 6
1024 6
1025 11
1026 17
1027 12
1028 15
1029 12
1030 16
1031 21
1032 12
1033 15
1034 12
1035 18
1036 15
1037 22
1038 18
1039 15
1040 10
1041 15
1042 11
1043 9
1044 14
1045 11
1046 16
1047 9
1048 25
1049 20
1050 10
1051 6
1052 17
1053 21
1054 9
1055 24
1056 16
1057 16
1058 13
1059 22
1060 23
1061 14
1062 9
1063 20
1064 19
1065 14
1066 16
1067 9
1068 18
1069 14
1070 10
1071 10
1072 13
1073 6
1074 17
1075 2
1076 11
1077 10
1078 12
1079 7
1080 13
1081 19
1082 7
1083 14
1084 4
1085 8
1086 30
1087 13
1088 21
1089 29
1090 7
1091 33
1092 14
1093 15
1094 13
1095 14
1096 21
1097 7
1098 12
1099 12
1100 21
1101 25
1102 23
1103 15
1104 15
1105 4
1106 23
1107 8
1108 15
1109 13
1110 20
1111 15
1112 12
1113 16
1114 23
1115 17
1116 17
1117 22
1118 18
1119 15
1120 16
1121 14
1122 14
1123 11
1124 11
1125 5
1126 17
1127 9
1128 18
1129 23
1130 12
1131 12
1132 11
1133 15
1134 12
1135 15
1136 20
1137 10
1138 9
1139 6
1140 8
1141 9
1142 11
1143 13
1144 26
1145 17
1146 15
1147 19
1148 10
1149 5
1150 22
1151 8
1152 7
1153 22
1154 22
1155 23
1156 15
1157 18
1158 13
1159 7
1160 28
1161 12
1162 10
1163 7
1164 13
1165 16
1166 13
1167 5
1168 17
1169 7
1170 12
1171 19
1172 13
1173 20
1174 17
1175 15
1176 15
1177 18
1178 21
1179 17
1180 13
1181 11
1182 27
1183 4
1184 15
1185 15
1186 19
1187 15
1188 13
1189 18
1190 17
1191 5
1192 23
1193 16
1194 16
1195 13
1196 16
1197 5
1198 13
1199 6
1200 4
1201 13
1202 17
1203 15
1204 23
1205 14
1206 17
1207 24
1208 12
1209 8
1210 8
1211 17
1212 15
1213 12
1214 14
1215 21
1216 17
1217 5
1218 16
1219 13
1220 8
1221 11
1222 15
1223 13
1224 14
1225 13
1226 21
1227 8
1228 21
1229 11
1230 13
1231 12
1232 10
1233 16
1234 17
1235 19
1236 15
1237 22
1238 7
1239 19
1240 15
1241 11
1242 11
1243 10
1244 15
1245 2
1246 13
1247 10
1248 13
1249 10
1250 1
1251 14
1252 16
1253 15
1254 12
1255 14
1256 13
1257 29
1258 17
1259 5
1260 27
1261 21
1262 15
1263 11
1264 14
1265 15
1266 15
1267 10
1268 16
1269 2
1270 12
1271 19
1272 15
1273 22
1274 12
1275 9
1276 3
1277 17
1278 10
1279 2
1280 18
1281 11
1282 9
1283 12
1284 8
1285 16
1286 14
1287 12
1288 18
1289 15
1290 12
1291 15
1292 10
1293 18
1294 15
1295 18
1296 12
1297 8
1298 12
1299 18
1300 15
1301 9
1302 8
1303 9
1304 13
1305 17
1306 11
1307 18
1308 10
1309 14
1310 13
1311 8
1312 17
1313 26
1314 14
1315 16
1316 16
1317 17
1318 15
1319 6
1320 19
1321 11
1322 13
1323 15
1324 16
1325 0
1326 15
1327 16
1328 23
1329 7
1330 19
1331 15
1332 19
1333 31
1334 10
1335 17
1336 13
1337 13
1338 14
1339 12
1340 12
1341 9
1342 16
1343 6
1344 12
1345 14
1346 12
1347 17
1348 11
1349 11
1350 13
1351 19
1352 22
1353 15
1354 16
1355 17
1356 7
1357 22
1358 9
1359 21
1360 21
1361 12
1362 12
1363 6
1364 24
1365 14
1366 21
1367 16
1368 7
1369 17
1370 25
1371 30
1372 6
1373 16
1374 40
1375 16
1376 16
1377 29
1378 11
1379 31
1380 18
1381 25
1382 14
1383 18
1384 14
1385 6
1386 11
1387 20
1388 9
1389 22
1390 9
1391 13
1392 24
1393 8
1394 12
1395 19
1396 15
1397 22
1398 11
1399 0
1400 21
1401 13
1402 33
1403 15
1404 40
1405 16
1406 11
1407 9
1408 19
1409 18
1410 16
1411 32
1412 17
1413 12
1414 8
1415 21
1416 23
1417 20
1418 20
1419 17
1420 10
1421 16
1422 23
1423 20
1424 10
1425 12
1426 26
1427 19
1428 23
1429 8
1430 11
1431 8
1432 12
1433 17
1434 12
1435 15
1436 6
1437 22
1438 10
1439 18
1440 9
1441 9
1442 11
1443 20
1444 42
1445 21
1446 20
1447 18
1448 7
1449 22
1450 4
1451 13
1452 21
1453 11
1454 11
1455 10
1456 19
1457 23
1458 18
1459 16
1460 6
1461 20
1462 22
1463 17
1464 13
1465 11
1466 26
1467 7
1468 23
1469 6
1470 8
1471 17
1472 15
1473 9
1474 21
1475 10
1476 25
1477 10
1478 21
1479 28
1480 18
1481 23
1482 15
1483 10
1484 9
1485 18
1486 13
1487 8
1488 17
1489 17
1490 14
1491 8
1492 14
1493 8
1494 24
1495 8
1496 3
1497 8
1498 14
1499 5
1500 14
1501 14
1502 6
1503 13
1504 11
1505 2
1506 13
1507 15
1508 17
1509 8
1510 9
1511 13
1512 14
1513 26
1514 12
1515 8
1516 8
1517 11
1518 17
1519 15
1520 9
1521 15
1522 13
1523 15
1524 10
1525 10
1526 12
1527 16
1528 8
1529 20
1530 17
1531 14
1532 12
1533 26
1534 17
1535 16
1536 14
1537 11
1538 13
1539 8
1540 23
1541 15
1542 10
1543 9
1544 17
1545 17
1546 12
1547 22
1548 7
1549 18
1550 7
1551 13
1552 11
1553 10
1554 9
1555 8
1556 14
1557 8
1558 21
1559 18
1560 12
1561 8
1562 3
1563 12
1564 10
1565 8
1566 15
1567 24
1568 19
1569 19
1570 17
1571 3
1572 6
1573 28
1574 4
1575 0
1576 10
1577 27
1578 7
1579 13
1580 6
1581 8
1582 8
1583 11
1584 11
1585 18
1586 12
1587 9
1588 9
1589 21
1590 8
1591 11
1592 27
1593 15
1594 11
1595 7
1596 13
1597 5
1598 12
1599 13
1600 5
1601 15
1602 16
1603 18
1604 15
1605 18
1606 15
1607 12
1608 21
1609 3
1610 3
1611 7
1612 22
1613 12
1614 13
1615 20
1616 10
1617 5
1618 10
1619 18
1620 14
1621 16
1622 18
1623 16
1624 15
1625 16
1626 18
1627 14
1628 20
1629 8
1630 25
1631 13
1632 5
1633 31
1634 22
1635 25
1636 10
1637 11
1638 16
1639 19
1640 8
1641 7
1642 17
1643 11
1644 21
1645 16
1646 14
1647 21
1648 16
1649 14
1650 24
1651 18
1652 19
1653 14
1654 20
1655 18
1656 23
1657 20
1658 10
1659 23
1660 20
1661 13
1662 25
1663 15
1664 16
1665 9
1666 19
1667 12
1668 14
1669 7
1670 8
1671 15
1672 9
1673 14
1674 10
1675 14
1676 7
1677 15
1678 12
1679 12
1680 19
1681 5
1682 16
1683 17
1684 17
1685 17
1686 22
1687 16
1688 19
1689 16
1690 26
1691 11
1692 17
1693 7
1694 7
1695 9
1696 6
1697 14
1698 13
1699 15
1700 18
1701 7
1702 0
1703 15
1704 18
1705 3
1706 7
1707 4
1708 15
1709 12
1710 12
1711 10
1712 8
1713 4
1714 20
1715 2
1716 9
1717 24
1718 23
1719 12
1720 6
1721 20
1722 10
1723 13
1724 33
1725 13
1726 10
1727 1
1728 17
1729 14
1730 12
1731 10
1732 13
1733 17
1734 11
1735 22
1736 15
1737 15
1738 19
1739 22
1740 5
1741 11
1742 14
1743 13
1744 12
1745 4
1746 5
1747 14
1748 5
1749 18
1750 26
1751 15
1752 14
1753 11
1754 8
1755 4
1756 8
1757 11
1758 18
1759 13
1760 11
1761 7
1762 20
1763 25
1764 17
1765 3
1766 8
1767 20
1768 12
1769 11
1770 9
1771 8
1772 14
1773 15
1774 13
1775 8
1776 16
1777 14
1778 13
1779 6
1780 18
1781 9
1782 5
1783 11
1784 13
1785 14
1786 12
1787 12
1788 12
1789 9
1790 8
1791 15
1792 12
1793 9
1794 17
1795 15
1796 9
1797 8
1798 4
1799 2
1800 11
1801 18
1802 10
1803 10
1804 17
1805 13
1806 19
1807 18
1808 10
1809 2
1810 16
1811 9
1812 4
1813 5
1814 17
1815 21
1816 15
1817 8
1818 10
1819 10
1820 14
1821 16
1822 8
1823 7
1824 15
1825 17
1826 26
1827 10
1828 9
1829 11
1830 3
1831 10
1832 11
1833 21
1834 25
1835 24
1836 19
1837 5
1838 17
1839 9
1840 5
1841 13
1842 7
1843 17
1844 12
1845 13
1846 9
1847 17
1848 6
1849 19
1850 7
1851 3
1852 8
1853 8
1854 13
1855 11
1856 14
1857 1
1858 20
1859 11
1860 7
1861 8
1862 7
1863 12
1864 9
1865 7
1866 7
1867 16
1868 20
1869 13
1870 12
1871 7
1872 5
1873 11
1874 11
1875 2
1876 11
1877 1
1878 8
1879 9
1880 8
1881 13
1882 11
1883 8
1884 26
1885 4
1886 8
1887 15
1888 12
1889 23
1890 8
1891 13
1892 11
1893 13
1894 9
1895 7
1896 28
1897 3
1898 10
1899 7
1900 5
1901 10
1902 18
1903 11
1904 8
1905 15
1906 16
1907 5
1908 10
1909 7
1910 6
1911 9
1912 15
1913 14
1914 6
1915 15
1916 13
1917 13
1918 16
1919 13
1920 2
1921 9
1922 22
1923 18
1924 5
1925 12
1926 16
1927 23
1928 12
1929 10
1930 10
1931 5
1932 14
1933 20
1934 2
1935 8
1936 8
1937 10
1938 21
1939 14
1940 17
1941 7
1942 14
1943 21
1944 16
1945 8
1946 13
1947 12
1948 14
1949 16
1950 5
1951 12
1952 13
1953 7
1954 26
1955 18
1956 14
1957 12
1958 17
1959 20
1960 24
1961 16
1962 12
1963 22
1964 12
1965 15
1966 13
1967 14
1968 11
1969 18
1970 11
1971 14
1972 22
1973 12
1974 15
1975 16
1976 15
1977 33
1978 22
1979 17
1980 14
1981 16
1982 16
1983 15
1984 9
1985 13
1986 11
1987 17
1988 15
1989 34
1990 10
1991 14
1992 7
1993 12
1994 8
1995 27
1996 7
1997 5
1998 8
1999 7
2000 15
2001 16
2002 15
2003 15
2004 15
2005 10
2006 10
2007 14
2008 17
2009 6
2010 17
2011 26
2012 19
2013 15
2014 18
2015 25
2016 14
2017 21
2018 21
2019 17
2020 19
2021 16
2022 29
2023 8
2024 9
2025 14
2026 9
2027 12
2028 7
2029 12
2030 11
2031 16
2032 14
2033 8
2034 12
2035 8
2036 21
2037 8
2038 9
2039 13
2040 14
2041 24
2042 23
2043 11
2044 50
2045 34
2046 31
2047 30
2048 9
2049 21
2050 19
2051 20
2052 17
2053 19
2054 23
2055 25
2056 12
2057 11
2058 12
2059 7
2060 15
2061 37
2062 10
2063 14
2064 22
2065 26
2066 22
2067 11
2068 11
2069 17
2070 21
2071 10
2072 29
2073 19
2074 23
2075 13
2076 17
2077 12
2078 14
2079 15
2080 17
2081 14
2082 21
2083 17
2084 16
2085 6
2086 16
2087 16
2088 12
2089 10
2090 15
2091 28
2092 20
2093 19
2094 19
2095 31
2096 28
2097 15
2098 20
2099 19
2100 13
2101 9
2102 11
2103 16
2104 16
2105 14
2106 18
2107 18
2108 15
2109 17
2110 15
2111 11
2112 25
2113 23
2114 38
2115 20
2116 18
2117 11
2118 12
2119 21
2120 12
2121 19
2122 7
2123 3
2124 13
2125 17
2126 13
2127 32
2128 23
2129 16
2130 9
2131 20
2132 21
2133 6
2134 24
2135 14
2136 11
2137 35
2138 12
2139 9
2140 17
2141 11
2142 20
2143 30
2144 8
2145 33
2146 6
2147 18
2148 29
2149 12
2150 28
2151 12
2152 23
2153 11
2154 17
2155 8
2156 14
2157 17
2158 14
2159 15
2160 18
2161 20
2162 19
2163 21
2164 12
2165 14
2166 17
2167 16
2168 19
2169 22
2170 26
2171 23
2172 21
2173 22
2174 11
2175 16
2176 10
2177 21
2178 13
2179 7
2180 11
2181 8
2182 10
2183 11
2184 13
2185 18
2186 13
2187 19
2188 21
2189 14
2190 14
2191 12
2192 13
2193 9
2194 10
2195 11
2196 14
2197 19
2198 4
2199 9
2200 14
2201 14
2202 7
2203 19
2204 20
2205 6
2206 23
2207 9
2208 15
2209 11
2210 27
2211 12
2212 21
2213 21
2214 15
2215 16
2216 14
2217 14
2218 14
2219 17
2220 12
2221 20
2222 22
2223 17
2224 19
2225 10
2226 20
2227 22
2228 7
2229 21
2230 10
2231 9
2232 17
2233 12
2234 25
2235 14
2236 17
2237 12
2238 14
2239 10
2240 18
2241 8
2242 15
2243 16
2244 9
2245 14
2246 12
2247 13
2248 12
2249 14
2250 10
2251 15
2252 3
2253 19
2254 29
2255 20
2256 10
2257 27
2258 27
2259 12
2260 11
2261 13
2262 11
2263 15
2264 11
2265 14
2266 21
2267 19
2268 21
2269 30
2270 29
2271 17
2272 21
2273 11
2274 21
2275 12
2276 22
2277 19
2278 7
2279 21
2280 10
2281 7
2282 16
2283 22
2284 13
2285 20
2286 24
2287 21
2288 15
2289 12
2290 17
2291 15
2292 23
2293 25
2294 28
2295 5
2296 12
2297 15
2298 23
2299 25
2300 14
2301 6
2302 24
2303 12
2304 20
2305 22
2306 10
2307 17
2308 9
2309 17
2310 8
2311 13
2312 12
2313 9
2314 30
2315 18
2316 7
2317 25
2318 10
2319 4
2320 19
2321 31
2322 20
2323 12
2324 26
2325 14
2326 14
2327 21
2328 35
2329 9
2330 10
2331 11
2332 18
2333 15
2334 37
2335 21
2336 21
2337 16
2338 4
2339 12
2340 13
2341 16
2342 35
2343 14
2344 16
2345 22
2346 23
2347 25
2348 17
2349 25
2350 16
2351 12
2352 21
2353 7
2354 25
2355 13
2356 18
2357 30
2358 14
2359 19
2360 28
2361 37
2362 19
2363 20
2364 16
2365 7
2366 19
2367 18
2368 26
2369 15
2370 20
2371 27
2372 12
2373 22
2374 16
2375 23
2376 35
2377 31
2378 26
2379 27
2380 16
2381 21
2382 44
2383 18
2384 24
2385 12
2386 22
2387 21
2388 22
2389 10
2390 13
2391 13
2392 18
2393 16
2394 12
2395 14
2396 10
2397 26
2398 24
2399 18
2400 16
2401 36
2402 36
2403 12
2404 7
2405 8
2406 13
2407 17
2408 14
2409 25
2410 4
2411 11
2412 17
2413 10
2414 20
2415 12
2416 16
2417 12
2418 17
2419 14
2420 12
2421 16
2422 5
2423 4
2424 13
2425 13
2426 12
2427 31
2428 23
2429 12
2430 39
2431 19
2432 18
2433 13
2434 21
2435 7
2436 17
2437 20
2438 14
2439 24
2440 20
2441 28
2442 10
2443 22
2444 14
2445 17
2446 6
2447 24
2448 11
2449 19
2450 15
2451 6
2452 10
2453 9
2454 12
2455 16
2456 24
2457 14
2458 17
2459 30
2460 8
2461 23
2462 8
2463 10
2464 11
2465 37
2466 19
2467 25
2468 16
2469 18
2470 14
2471 9
2472 24
2473 13
2474 24
2475 17
2476 17
2477 7
2478 13
2479 8
2480 15
2481 35
2482 31
2483 43
2484 37
2485 15
2486 18
2487 8
2488 6
2489 18
2490 19
2491 9
2492 15
2493 18
2494 21
2495 12
2496 7
2497 13
2498 11
2499 17
2500 20
2501 10
2502 16
2503 12
2504 16
2505 24
2506 13
2507 8
2508 22
2509 29
2510 10
2511 20
2512 11
2513 17
2514 19
2515 18
2516 17
2517 11
2518 14
2519 11
2520 15
2521 6
2522 17
2523 13
2524 13
2525 8
2526 5
2527 15
2528 23
2529 11
2530 22
2531 12
2532 8
2533 15
2534 20
2535 14
2536 10
2537 12
2538 14
2539 23
2540 9
2541 14
2542 16
2543 11
2544 19
2545 25
2546 20
2547 20
2548 14
2549 15
2550 23
2551 14
2552 25
2553 13
2554 19
2555 17
2556 14
2557 21
2558 24
2559 16
2560 25
2561 8
2562 12
2563 8
2564 15
2565 17
2566 17
2567 12
2568 6
2569 7
2570 11
2571 15
2572 12
2573 6
2574 12
2575 11
2576 13
2577 11
2578 20
2579 10
2580 11
2581 10
2582 7
2583 12
2584 11
2585 16
2586 19
2587 17
2588 12
2589 14
2590 10
2591 6
2592 15
2593 14
2594 16
2595 20
2596 0
2597 4
2598 10
2599 7
2600 18
2601 17
2602 3
2603 17
2604 13
2605 6
2606 6
2607 4
2608 7
2609 13
2610 6
2611 8
2612 6
2613 12
2614 12
2615 13
2616 7
2617 9
2618 13
2619 21
2620 3
2621 15
2622 22
2623 7
2624 8
2625 21
2626 10
2627 24
2628 15
2629 13
2630 13
2631 21
2632 2
2633 10
2634 23
2635 12
2636 18
2637 6
2638 21
2639 18
2640 16
2641 13
2642 16
2643 8
2644 12
2645 11
2646 10
2647 14
2648 14
2649 26
2650 5
2651 32
2652 5
2653 14
2654 7
2655 7
2656 11
2657 15
2658 25
2659 20
2660 16
2661 29
2662 2
2663 12
2664 19
2665 18
2666 15
2667 21
2668 8
2669 15
2670 11
2671 12
2672 21
2673 16
2674 2
2675 19
2676 15
2677 19
2678 21
2679 15
2680 15
2681 18
2682 13
2683 9
2684 10
2685 14
2686 11
2687 21
2688 15
2689 12
2690 14
2691 21
2692 13
2693 19
2694 10
2695 16
2696 15
2697 13
2698 21
2699 23
2700 8
2701 19
2702 20
2703 25
2704 8
2705 17
2706 13
2707 13
2708 11
2709 23
2710 23
2711 23
2712 18
2713 21
2714 16
2715 10
2716 12
2717 22
2718 3
2719 13
2720 18
2721 15
2722 6
2723 25
2724 16
2725 16
2726 22
2727 13
2728 17
2729 10
2730 16
2731 9
2732 10
2733 16
2734 15
2735 8
2736 12
2737 12
2738 15
2739 15
2740 7
2741 11
2742 10
2743 7
2744 16
2745 6
2746 9
2747 12
2748 20
2749 12
2750 19
2751 8
2752 24
2753 5
2754 17
2755 8
2756 33
2757 21
2758 9
2759 18
2760 16
2761 24
2762 13
2763 11
2764 4
2765 2
2766 11
2767 12
2768 7
2769 11
2770 7
2771 18
2772 21
2773 19
2774 7
2775 4
2776 11
2777 21
2778 23
2779 13
2780 6
2781 7
2782 16
2783 9
2784 11
2785 10
2786 10
2787 3
2788 7
2789 6
2790 17
2791 9
2792 13
2793 12
2794 5
2795 18
2796 9
2797 6
2798 10
2799 9
2800 22
2801 8
2802 4
2803 18
2804 13
2805 11
2806 15
2807 5
2808 12
2809 14
2810 15
2811 6
2812 2
2813 5
2814 7
2815 15
2816 10
2817 10
2818 15
2819 6
2820 12
2821 5
2822 29
2823 5
2824 13
2825 6
2826 20
2827 7
2828 8
2829 13
2830 13
2831 9
2832 1
2833 10
2834 7
2835 2
2836 12
2837 5
2838 16
2839 2
2840 6
2841 18
2842 14
2843 10
2844 6
2845 8
2846 12
2847 7
2848 5
2849 5
2850 9
2851 10
2852 20
2853 17
2854 9
2855 18
2856 15
2857 17
2858 16
2859 11
2860 16
2861 12
2862 21
2863 24
2864 22
2865 29
2866 15
2867 21
2868 12
2869 2
2870 15
2871 2
2872 6
2873 7
2874 6
2875 19
2876 11
2877 16
2878 5
2879 14
2880 14
2881 17
2882 15
2883 29
2884 18
2885 15
2886 18
2887 14
2888 24
2889 12
2890 18
2891 23
2892 16
2893 19
2894 13
2895 10
2896 17
2897 18
2898 11
2899 20
2900 16
2901 17
2902 18
2903 9
2904 18
2905 18
2906 20
2907 27
2908 24
2909 15
2910 7
2911 21
2912 13
2913 27
2914 19
2915 22
2916 9
2917 23
2918 26
2919 12
2920 8
2921 15
2922 31
2923 13
2924 12
2925 14
2926 11
2927 15
2928 6
2929 15
2930 7
2931 12
2932 8
2933 13
2934 15
2935 28
2936 20
2937 21
2938 5
2939 23
2940 25
2941 11
2942 14
2943 16
2944 14
2945 20
2946 21
2947 18
2948 9
2949 7
2950 13
2951 9
2952 15
2953 23
2954 7
2955 10
2956 10
2957 9
2958 14
2959 5
2960 15
2961 13
2962 13
2963 23
2964 9
2965 6
2966 13
2967 9
2968 11
2969 8
2970 19
2971 22
2972 16
2973 17
2974 10
2975 10
2976 11
2977 12
2978 19
2979 7
2980 25
2981 15
2982 13
2983 12
2984 5
2985 16
2986 14
2987 8
2988 13
2989 13
2990 21
2991 6
2992 12
2993 7
2994 13
2995 7
2996 13
2997 15
2998 11
2999 13
3000 16
3001 7
3002 20
3003 18
3004 10
3005 9
3006 16
3007 8
3008 4
3009 11
3010 9
3011 8
3012 19
3013 12
3014 16
3015 12
3016 2
3017 16
3018 15
3019 10
3020 12
3021 16
3022 19
3023 7
3024 16
3025 25
3026 15
3027 28
3028 18
3029 18
3030 6
3031 10
3032 21
3033 4
3034 14
3035 13
3036 12
3037 7
3038 17
3039 6
3040 14
3041 4
3042 5
3043 23
3044 20
3045 9
3046 18
3047 4
3048 10
3049 10
3050 14
3051 9
3052 9
3053 10
3054 11
3055 5
3056 18
3057 6
3058 18
3059 0
3060 18
3061 24
3062 5
3063 10
3064 11
3065 16
3066 6
3067 12
3068 17
3069 9
3070 12
3071 14
3072 22
3073 14
3074 8
3075 9
3076 21
3077 8
3078 13
3079 14
3080 19
3081 17
3082 17
3083 11
3084 12
3085 13
3086 5
3087 13
3088 16
3089 21
3090 10
3091 6
3092 18
3093 22
3094 3
3095 22
3096 13
3097 9
3098 12
3099 20
3100 12
3101 18
3102 8
3103 7
3104 21
3105 20
3106 20
3107 11
3108 9
3109 12
3110 10
3111 14
3112 4
3113 5
3114 7
3115 13
3116 17
3117 12
3118 25
3119 14
3120 17
3121 11
3122 29
3123 29
3124 14
3125 17
3126 15
3127 21
3128 16
3129 15
3130 24
3131 8
3132 16
3133 19
3134 24
3135 10
3136 13
3137 26
3138 6
3139 16
3140 12
3141 13
3142 7
3143 13
3144 16
3145 8
3146 17
3147 18
3148 4
3149 22
3150 12
3151 10
3152 15
3153 6
3154 11
3155 16
3156 14
3157 6
3158 11
3159 17
3160 9
3161 16
3162 11
3163 6
3164 7
3165 5
3166 15
3167 28
3168 18
3169 11
3170 11
3171 9
3172 13
3173 11
3174 14
3175 9
3176 13
3177 4
3178 18
3179 9
3180 9
3181 16
3182 22
3183 22
3184 15
3185 14
3186 12
3187 10
3188 22
3189 11
3190 15
3191 9
3192 9
3193 11
3194 12
3195 13
3196 9
3197 15
3198 24
3199 13
3200 9
3201 8
3202 11
3203 15
3204 27
3205 16
3206 11
3207 9
3208 11
3209 19
3210 20
3211 22
3212 9
3213 19
3214 11
3215 10
3216 12
3217 19
3218 12
3219 11
3220 14
3221 16
3222 12
3223 16
3224 7
3225 27
3226 8
3227 8
3228 9
3229 11
3230 7
3231 8
3232 8
3233 8
3234 7
3235 9
3236 6
3237 9
3238 11
3239 3
3240 16
3241 7
3242 3
3243 5
3244 9
3245 10
3246 17
3247 12
3248 7
3249 7
3250 6
3251 9
3252 6
3253 18
3254 16
3255 2
3256 10
3257 8
3258 9
3259 13
3260 9
3261 8
3262 2
3263 30
3264 17
3265 10
3266 13
3267 18
3268 19
3269 17
3270 12
3271 8
3272 9
3273 7
3274 16
3275 10
3276 15
3277 24
3278 16
3279 13
3280 11
3281 7
3282 12
3283 14
3284 12
3285 11
3286 6
3287 7
3288 3
3289 6
3290 6
3291 10
3292 21
3293 16
3294 9
3295 10
3296 9
3297 9
3298 5
3299 6
3300 16
3301 12
3302 10
3303 14
3304 13
3305 14
3306 7
3307 5
3308 9
3309 10
3310 15
3311 4
3312 3
3313 5
3314 9
3315 9
3316 5
3317 4
3318 9
3319 12
3320 13
3321 29
3322 7
3323 20
3324 18
3325 20
3326 22
3327 16
3328 10
3329 10
3330 10
3331 13
3332 10
3333 19
3334 11
3335 3
3336 9
3337 9
3338 7
3339 17
3340 15
3341 22
3342 10
3343 9
3344 14
3345 20
3346 17
3347 21
3348 5
3349 12
3350 19
3351 7
3352 7
3353 12
3354 9
3355 6
3356 18
3357 13
3358 17
3359 10
3360 20
3361 10
3362 11
3363 11
3364 17
3365 14
3366 19
3367 9
3368 7
3369 19
3370 24
3371 20
3372 8
3373 16
3374 15
3375 13
3376 15
3377 17
3378 23
3379 9
3380 4
3381 5
3382 12
3383 6
3384 8
3385 18
3386 10
3387 13
3388 9
3389 9
3390 17
3391 16
3392 27
3393 19
3394 17
3395 22
3396 14
3397 20
3398 27
3399 16
3400 12
3401 10
3402 3
3403 13
3404 6
3405 9
3406 16
3407 13
3408 13
3409 9
3410 14
3411 15
3412 25
3413 15
3414 5
3415 8
3416 0
3417 17
3418 8
3419 21
3420 15
3421 18
3422 4
3423 13
3424 15
3425 14
3426 17
3427 18
3428 27
3429 8
3430 9
3431 18
3432 10
3433 21
3434 7
3435 6
3436 13
3437 8
3438 14
3439 10
3440 14
3441 7
3442 15
3443 7
3444 9
3445 15
3446 5
3447 12
3448 13
3449 20
3450 15
3451 18
3452 18
3453 9
3454 10
3455 14
3456 5
3457 8
3458 21
3459 8
3460 17
3461 15
3462 22
3463 17
3464 7
3465 13
3466 13
3467 19
3468 4
3469 19
3470 9
3471 13
3472 6
3473 18
3474 7
3475 11
3476 13
3477 7
3478 13
3479 13
3480 21
3481 18
3482 21
3483 19
3484 14
3485 13
3486 15
3487 11
3488 7
3489 18
3490 14
3491 14
3492 10
3493 9
3494 12
3495 16
3496 13
3497 15
3498 15
3499 14
3500 8
3501 7
3502 22
3503 16
3504 1
3505 7
3506 12
3507 10
3508 14
3509 11
3510 6
3511 9
3512 8
3513 11
3514 13
3515 16
3516 18
3517 8
3518 22
3519 13
3520 24
3521 10
3522 12
3523 9
3524 14
3525 11
3526 17
3527 21
3528 12
3529 16
3530 14
3531 7
3532 14
3533 25
3534 9
3535 12
3536 11
3537 1
3538 7
3539 7
3540 11
3541 5
3542 16
3543 9
3544 8
3545 2
3546 13
3547 15
3548 5
3549 10
3550 10
3551 4
3552 5
3553 14
3554 8
3555 9
3556 11
3557 8
3558 6
3559 12
3560 20
3561 17
3562 1
3563 11
3564 23
3565 12
3566 11
3567 22
3568 7
3569 5
3570 28
3571 10
3572 22
3573 12
3574 7
3575 8
3576 9
3577 15
3578 6
3579 12
3580 16
3581 11
3582 8
3583 7
3584 6
3585 7
3586 10
3587 5
3588 16
3589 10
3590 7
3591 16
3592 0
3593 13
3594 6
3595 13
3596 7
3597 2
3598 9
3599 8
3600 9
3601 6
3602 20
3603 23
3604 11
3605 10
3606 5
3607 14
3608 13
3609 6
3610 6
3611 11
3612 7
3613 5
3614 2
3615 19
3616 15
3617 10
3618 6
3619 6
3620 9
3621 12
3622 9
3623 9
3624 18
3625 12
3626 8
3627 6
3628 10
3629 8
3630 7
3631 14
3632 9
3633 16
3634 10
3635 10
3636 8
3637 9
3638 14
3639 15
3640 7
3641 11
3642 19
3643 10
3644 5
3645 12
3646 2
3647 16
3648 4
3649 0
3650 4
3651 17
3652 13
3653 27
3654 17
3655 5
3656 10
3657 16
3658 14
3659 15
3660 13
3661 2
3662 14
3663 13
3664 20
3665 15
3666 21
3667 7
3668 24
3669 5
3670 14
3671 15
3672 15
3673 7
3674 19
3675 9
3676 17
3677 18
3678 8
3679 11
3680 5
3681 10
3682 3
3683 8
3684 13
3685 7
3686 10
3687 5
3688 21
3689 7
3690 25
3691 18
3692 11
3693 5
3694 3
3695 15
3696 26
3697 4
3698 11
3699 6
3700 11
3701 5
3702 2
3703 4
3704 10
3705 13
3706 1
3707 7
3708 20
3709 5
3710 7
3711 9
3712 17
3713 3
3714 8
3715 4
3716 17
3717 7
3718 11
3719 18
3720 8
3721 11
3722 9
3723 12
3724 10
3725 18
3726 18
3727 7
3728 7
3729 10
3730 9
3731 4
3732 15
3733 16
3734 17
3735 11
3736 4
3737 12
3738 0
3739 8
3740 9
3741 10
3742 10
3743 24
3744 13
3745 10
3746 16
3747 12
3748 8
3749 9
3750 13
3751 16
3752 12
3753 4
3754 6
3755 7
3756 11
3757 9
3758 3
3759 12
3760 8
3761 14
3762 14
3763 10
3764 6
3765 22
3766 7
3767 19
3768 9
3769 8
3770 8
3771 11
3772 16
3773 7
3774 8
3775 25
3776 15
3777 16
3778 12
3779 11
3780 10
3781 23
3782 11
3783 9
3784 16
3785 13
3786 4
3787 8
3788 12
3789 7
3790 9
3791 9
3792 7
3793 11
3794 22
3795 12
3796 8
3797 7
3798 6
3799 14
3800 5
3801 4
3802 13
3803 19
3804 10
3805 8
3806 11
3807 12
3808 11
3809 5
3810 15
3811 6
3812 12
3813 14
3814 15
3815 14
3816 23
3817 9
3818 10
3819 6
3820 12
3821 8
3822 15
3823 13
3824 16
3825 20
3826 9
3827 9
3828 16
3829 7
3830 12
3831 12
3832 12
3833 4
3834 9
3835 15
3836 19
3837 12
3838 10
3839 14
3840 13
3841 11
3842 12
3843 10
3844 16
3845 12
3846 7
3847 12
3848 11
3849 13
3850 10
3851 11
3852 16
3853 4
3854 15
3855 9
3856 12
3857 9
3858 20
3859 12
3860 11
3861 12
3862 19
3863 7
3864 5
3865 5
3866 11
3867 14
3868 16
3869 18
3870 19
3871 13
3872 11
3873 13
3874 3
3875 8
3876 9
3877 17
3878 28
3879 17
3880 21
3881 20
3882 14
3883 19
3884 18
3885 20
3886 20
3887 13
3888 9
3889 9
3890 26
3891 18
3892 22
3893 23
3894 25
3895 15
3896 16
3897 19
3898 14
3899 17
3900 4
3901 17
3902 18
3903 19
3904 12
3905 10
3906 14
3907 28
3908 11
3909 7
3910 6
3911 17
3912 18
3913 7
3914 29
3915 19
3916 9
3917 6
3918 14
3919 27
3920 22
3921 2
3922 11
3923 10
3924 3
3925 14
3926 9
3927 9
3928 4
3929 17
3930 15
3931 13
3932 10
3933 26
3934 15
3935 12
3936 14
3937 13
3938 13
3939 9
3940 8
3941 12
3942 17
3943 17
3944 14
3945 11
3946 23
3947 4
3948 17
3949 13
3950 16
3951 21
3952 7
3953 7
3954 16
3955 25
3956 5
3957 16
3958 8
3959 6
3960 7
3961 7
3962 8
3963 14
3964 14
3965 14
3966 12
3967 7
3968 6
3969 21
3970 21
3971 17
3972 18
3973 11
3974 14
3975 17
3976 17
3977 22
3978 15
3979 27
3980 14
3981 19
3982 21
3983 23
3984 11
3985 14
3986 15
3987 32
3988 0
3989 17
3990 10
3991 5
3992 13
3993 18
3994 21
3995 18
3996 14
3997 21
3998 20
3999 14
4000 17
4001 13
4002 10
4003 9
4004 19
4005 14
4006 22
4007 16
4008 6
4009 18
4010 28
4011 28
4012 17
4013 19
4014 6
4015 8
4016 11
4017 10
4018 8
4019 26
4020 2
4021 7
4022 19
4023 15
4024 9
4025 9
4026 32
4027 9
4028 18
4029 16
4030 18
4031 18
4032 9
4033 16
4034 26
4035 10
4036 17
4037 22
4038 10
4039 17
4040 18
4041 5
4042 24
4043 27
4044 14
4045 21
4046 20
4047 21
4048 20
4049 11
4050 25
4051 6
4052 15
4053 17
4054 13
4055 17
4056 16
4057 14
4058 13
4059 19
4060 16
4061 14
4062 14
4063 21
4064 13
4065 27
4066 16
4067 17
4068 13
4069 15
4070 21
4071 13
4072 22
4073 20
4074 13
4075 12
4076 16
4077 19
4078 30
4079 9
4080 16
4081 14
4082 9
4083 14
4084 17
4085 19
4086 14
4087 20
4088 19
4089 15
4090 13
4091 10
4092 17
4093 20
4094 10
4095 11
4096 19
4097 11
4098 13
4099 17
4100 20
4101 15
4102 18
4103 16
4104 13
4105 16
4106 11
4107 15
4108 13
4109 16
4110 8
4111 10
4112 7
4113 16
4114 17
4115 9
4116 4
4117 7
4118 9
4119 7
4120 3
4121 18
4122 17
4123 10
4124 5
4125 22
4126 16
4127 12
4128 17
4129 12
4130 10
4131 21
4132 15
4133 16
4134 5
4135 10
4136 14
4137 14
4138 15
4139 7
4140 8
4141 10
4142 21
4143 23
4144 11
4145 11
4146 5
4147 5
4148 20
4149 19
4150 8
4151 21
4152 17
4153 21
4154 10
4155 12
4156 9
4157 26
4158 17
4159 19
4160 18
4161 18
4162 11
4163 27
4164 18
4165 15
4166 12
4167 21
4168 16
4169 24
4170 17
4171 16
4172 16
4173 16
4174 4
4175 11
4176 16
4177 10
4178 18
4179 15
4180 8
4181 15
4182 12
4183 13
4184 20
4185 22
4186 9
4187 13
4188 14
4189 15
4190 9
4191 10
4192 8
4193 24
4194 8
4195 11
4196 17
4197 15
4198 9
4199 15
4200 8
4201 22
4202 22
4203 28
4204 6
4205 21
4206 24
4207 15
4208 18
4209 10
4210 3
4211 20
4212 8
4213 11
4214 9
4215 10
4216 22
4217 14
4218 5
4219 19
4220 13
4221 28
4222 18
4223 21
4224 19
4225 22
4226 12
4227 16
4228 24
4229 15
4230 11
4231 31
4232 15
4233 11
4234 6
4235 15
4236 12
4237 16
4238 9
4239 20
4240 17
4241 17
4242 10
4243 24
4244 13
4245 18
4246 17
4247 15
4248 31
4249 17
4250 19
4251 22
4252 18
4253 23
4254 21
4255 13
4256 8
4257 10
4258 14
4259 18
4260 8
4261 5
4262 18
4263 15
4264 13
4265 11
4266 9
4267 13
4268 12
4269 6
4270 12
4271 15
4272 11
4273 11
4274 22
4275 15
4276 8
4277 11
4278 14
4279 12
4280 15
4281 15
4282 18
4283 8
4284 8
4285 18
4286 14
4287 10
4288 22
4289 20
4290 11
4291 12
4292 11
4293 7
4294 11
4295 7
4296 10
4297 12
4298 10
4299 13
4300 8
4301 10
4302 5
4303 12
4304 3
4305 18
4306 13
4307 8
4308 12
4309 16
4310 14
4311 13
4312 12
4313 15
4314 2
4315 10
4316 4
4317 19
4318 21
4319 19
4320 12
4321 15
4322 13
4323 13
4324 10
4325 11
4326 3
4327 9
4328 4
4329 7
4330 6
4331 16
4332 15
4333 13
4334 28
4335 21
4336 21
4337 12
4338 3
4339 9
4340 14
4341 13
4342 13
4343 10
4344 8
4345 10
4346 9
4347 9
4348 16
4349 3
4350 20
4351 15
4352 9
4353 9
4354 5
4355 9
4356 5
4357 13
4358 20
4359 8
4360 11
4361 17
4362 17
4363 15
4364 13
4365 23
4366 17
4367 24
4368 9
4369 12
4370 15
4371 15
4372 12
4373 30
4374 10
4375 14
4376 18
4377 17
4378 15
4379 9
4380 13
4381 9
4382 6
4383 15
4384 15
4385 4
4386 15
4387 4
4388 12
4389 9
4390 21
4391 20
4392 4
4393 10
4394 9
4395 25
4396 6
4397 7
4398 16
4399 11
4400 18
4401 10
4402 15
4403 12
4404 9
4405 23
4406 3
4407 7
4408 10
4409 19
4410 13
4411 7
4412 14
4413 8
4414 13
4415 12
4416 4
4417 18
4418 1
4419 6
4420 8
4421 13
4422 8
4423 17
4424 19
4425 22
4426 19
4427 20
4428 8
4429 12
4430 12
4431 16
4432 3
4433 5
4434 6
4435 13
4436 8
4437 12
4438 14
4439 6
4440 23
4441 11
4442 7
4443 7
4444 10
4445 11
4446 15
4447 6
4448 14
4449 15
4450 11
4451 7
4452 16
4453 10
4454 7
4455 10
4456 11
4457 17
4458 14
4459 24
4460 19
4461 9
4462 9
4463 7
4464 9
4465 22
4466 7
4467 14
4468 9
4469 17
4470 10
4471 4
4472 15
4473 12
4474 9
4475 21
4476 29
4477 8
4478 10
4479 12
4480 6
4481 2
4482 6
4483 14
4484 25
4485 24
4486 19
4487 12
4488 12
4489 15
4490 20
4491 7
4492 10
4493 8
4494 11
4495 17
4496 11
4497 17
4498 10
4499 12
4500 8
4501 15
4502 15
4503 18
4504 12
4505 11
4506 12
4507 12
4508 9
4509 21
4510 5
4511 7
4512 5
4513 15
4514 14
4515 8
4516 17
4517 14
4518 15
4519 10
4520 8
4521 6
4522 12
4523 27
4524 12
4525 8
4526 9
4527 11
4528 7
4529 15
4530 10
4531 19
4532 10
4533 18
4534 15
4535 6
4536 27
4537 9
4538 15
4539 9
4540 15
4541 9
4542 20
4543 15
4544 8
4545 15
4546 17
4547 8
4548 13
4549 27
4550 11
4551 6
4552 10
4553 3
4554 23
4555 17
4556 14
4557 7
4558 13
4559 9
4560 21
4561 24
4562 8
4563 7
4564 5
4565 10
4566 12
4567 6
4568 12
4569 22
4570 7
4571 15
4572 9
4573 13
4574 6
4575 6
4576 8
4577 13
4578 4
4579 3
4580 10
4581 8
4582 6
4583 11
4584 7
4585 11
4586 4
4587 12
4588 17
4589 19
4590 10
4591 10
4592 14
4593 9
4594 18
4595 9
4596 7
4597 11
4598 12
4599 12
4600 7
4601 6
4602 6
4603 5
4604 4
4605 11
4606 16
4607 18
4608 5
4609 17
4610 7
4611 19
4612 17
4613 7
4614 8
4615 14
4616 0
4617 10
4618 10
4619 14
4620 12
4621 8
4622 20
4623 7
4624 18
4625 8
4626 23
4627 17
4628 12
4629 12
4630 8
4631 10
4632 14
4633 6
4634 19
4635 8
4636 7
4637 11
4638 23
4639 6
4640 9
4641 14
4642 9
4643 0
4644 19
4645 4
4646 6
4647 16
4648 16
4649 18
4650 7
4651 16
4652 6
4653 19
4654 9
4655 14
4656 12
4657 15
4658 12
4659 14
4660 17
4661 12
4662 12
4663 22
4664 11
4665 15
4666 10
4667 8
4668 13
4669 14
4670 6
4671 4
4672 10
4673 19
4674 10
4675 5
4676 9
4677 8
4678 9
4679 10
4680 19
4681 0
4682 11
4683 6
4684 12
4685 9
4686 13
4687 2
4688 5
4689 18
4690 12
4691 9
4692 2
4693 19
4694 7
4695 7
4696 14
4697 18
4698 21
4699 24
4700 12
4701 17
4702 14
4703 15
4704 29
4705 12
4706 4
4707 4
4708 15
4709 10
4710 24
4711 9
4712 16
4713 7
4714 10
4715 12
4716 16
4717 4
4718 7
4719 7
4720 17
4721 3
4722 12
4723 13
4724 2
4725 5
4726 11
4727 14
4728 15
4729 11
4730 12
4731 13
4732 10
4733 14
4734 6
4735 9
4736 10
4737 16
4738 9
4739 12
4740 0
4741 6
4742 13
4743 5
4744 9
4745 11
4746 12
4747 10
4748 0
4749 16
4750 13
4751 4
4752 12
4753 9
4754 21
4755 8
4756 9
4757 12
4758 5
4759 11
4760 6
4761 13
4762 14
4763 20
4764 6
4765 8
4766 10
4767 4
4768 4
4769 2
4770 13
4771 15
4772 15
4773 7
4774 16
4775 11
4776 10
4777 15
4778 8
4779 4
4780 16
4781 7
4782 19
4783 12
4784 10
4785 8
4786 25
4787 5
4788 15
4789 17
4790 7
4791 7
4792 19
4793 11
4794 17
4795 11
4796 17
4797 13
4798 11
4799 5
4800 6
4801 20
4802 8
4803 18
4804 18
4805 14
4806 14
4807 10
4808 11
4809 8
4810 16
4811 16
4812 4
4813 12
4814 9
4815 7
4816 10
4817 8
4818 25
4819 12
4820 20
4821 13
4822 10
4823 11
4824 13
4825 17
4826 9
4827 14
4828 13
4829 7
4830 10
4831 27
4832 2
4833 11
4834 13
4835 4
4836 16
4837 5
4838 19
4839 14
4840 10
4841 24
4842 10
4843 3
4844 10
4845 6
4846 11
4847 8
4848 11
4849 3
4850 19
4851 8
4852 8
4853 7
4854 8
4855 4
4856 15
4857 15
4858 7
4859 25
4860 8
4861 9
4862 6
4863 8
4864 15
4865 11
4866 8
4867 13
4868 21
4869 18
4870 8
4871 13
4872 7
4873 10
4874 21
4875 13
4876 10
4877 18
4878 4
4879 8
4880 9
4881 22
4882 8
4883 8
4884 3
4885 15
4886 7
4887 2
4888 8
4889 17
4890 18
4891 41
4892 7
4893 8
4894 10
4895 11
4896 10
4897 15
4898 13
4899 14
4900 18
4901 22
4902 10
4903 11
4904 8
4905 9
4906 13
4907 16
4908 6
4909 11
4910 9
4911 9
4912 16
4913 14
4914 10
4915 11
4916 4
4917 16
4918 5
4919 5
4920 12
4921 12
4922 10
4923 10
4924 15
4925 8
4926 13
4927 10
4928 7
4929 10
4930 20
4931 12
4932 10
4933 3
4934 6
4935 12
4936 14
4937 18
4938 8
4939 17
4940 15
4941 2
4942 4
4943 12
4944 12
4945 12
4946 5
4947 14
4948 5
4949 11
4950 14
4951 7
4952 9
4953 20
4954 8
4955 9
4956 18
4957 17
4958 14
4959 21
4960 5
4961 28
4962 5
4963 8
4964 5
4965 17
4966 15
4967 6
4968 14
4969 8
4970 11
4971 10
4972 5
4973 5
4974 11
4975 18
4976 0
4977 4
4978 11
4979 15
4980 11
4981 13
4982 12
4983 9
4984 11
4985 8
4986 6
4987 10
4988 8
4989 6
4990 16
4991 9
4992 6
4993 14
4994 15
4995 10
4996 21
4997 21
4998 23
4999 13
5000 10
5001 4
