0 42
1 10
2 8
3 17
4 18
5 3
6 19
7 19
8 7
9 26
10 17
11 13
12 11
13 23
14 14
15 12
16 17
17 6
18 10
19 13
20 7
21 10
22 7
23 20
24 10
25 9
26 21
27 26
28 5
29 21
30 19
31 14
32 20
33 20
34 16
35 15
36 22
37 25
38 15
39 14
40 13
41 29
42 26
43 14
44 10
45 17
46 10
47 12
48 14
49 20
50 12
51 18
52 20
53 25
54 29
55 23
56 7
57 16
58 19
59 8
60 12
61 24
62 16
63 10
64 12
65 17
66 16
67 28
68 17
69 15
70 17
71 15
72 9
73 19
74 24
75 11
76 13
77 18
78 24
79 6
80 35
81 15
82 18
83 5
84 16
85 16
86 10
87 31
88 30
89 7
90 18
91 22
92 8
93 9
94 25
95 28
96 21
97 13
98 27
99 23
100 16
101 22
102 13
103 6
104 19
105 17
106 18
107 21
108 12
109 11
110 14
111 11
112 21
113 18
114 8
115 25
116 14
117 13
118 13
119 12
120 29
121 11
122 17
123 13
124 3
125 20
126 9
127 18
128 11
129 14
130 4
131 21
132 14
133 8
134 21
135 10
136 15
137 6
138 11
139 22
140 6
141 14
142 6
143 12
144 8
145 17
146 13
147 12
148 13
149 12
150 9
151 10
152 3
153 20
154 3
155 9
156 7
157 8
158 11
159 16
160 13
161 10
162 18
163 10
164 4
165 11
166 19
167 10
168 9
169 6
170 26
171 3
172 11
173 6
174 14
175 9
176 15
177 11
178 12
179 13
180 10
181 6
182 14
183 4
184 9
185 9
186 5
187 14
188 6
189 14
190 17
191 14
192 9
193 17
194 14
195 13
196 8
197 12
198 11
199 7
200 5
201 17
202 19
203 10
204 11
205 16
206 14
207 8
208 11
209 15
210 12
211 10
212 7
213 19
214 13
215 14
216 8
217 17
218 15
219 3
220 14
221 16
222 21
223 14
224 7
225 8
226 28
227 17
228 13
229 18
230 10
231 5
232 16
233 12
234 7
235 10
236 21
237 6
238 13
239 19
240 13
241 26
242 8
243 8
244 14
245 20
246 11
247 8
248 15
249 21
250 11
251 16
252 15
253 19
254 12
255 27
256 10
257 15
258 20
259 11
260 10
261 23
262 9
263 10
264 7
265 5
266 12
267 22
268 24
269 15
270 6
271 17
272 16
273 8
274 21
275 20
276 13
277 15
278 21
279 8
280 30
281 25
282 7
283 6
284 21
285 11
286 17
287 19
288 17
289 12
290 33
291 16
292 9
293 12
294 9
295 14
296 14
297 14
298 7
299 14
300 19
301 15
302 7
303 9
304 16
305 7
306 16
307 19
308 6
309 17
310 23
311 15
312 25
313 12
314 20
315 9
316 14
317 24
318 20
319 13
320 7
321 10
322 17
323 15
324 12
325 8
326 12
327 25
328 18
329 14
330 12
331 27
332 20
333 13
334 27
335 25
336 8
337 13
338 21
339 6
340 14
341 16
342 13
343 21
344 8
345 21
346 15
347 30
348 11
349 12
350 24
351 16
352 12
353 20
354 16
355 12
356 31
357 12
358 24
359 21
360 21
361 27
362 17
363 18
364 11
365 25
366 7
367 24
368 23
369 16
370 21
371 25
372 16
373 14
374 10
375 12
376 26
377 7
378 31
379 15
380 20
381 11
382 7
383 15
384 20
385 14
386 7
387 22
388 8
389 16
390 11
391 8
392 9
393 20
394 23
395 7
396 6
397 9
398 4
399 9
400 30
401 12
402 3
403 14
404 2
405 7
406 18
407 6
408 13
409 14
410 14
411 7
412 25
413 10
414 9
415 13
416 10
417 17
418 14
419 38
420 9
421 20
422 26
423 8
424 17
425 11
426 13
427 4
428 7
429 14
430 7
431 9
432 20
433 12
434 22
435 14
436 20
437 6
438 2
439 9
440 21
441 22
442 17
443 21
444 5
445 15
446 18
447 5
448 16
449 11
450 24
451 8
452 12
453 19
454 16
455 16
456 18
457 7
458 20
459 14
460 15
461 22
462 14
463 8
464 10
465 21
466 6
467 9
468 22
469 15
470 1
471 14
472 17
473 10
474 19
475 3
476 22
477 11
478 16
479 8
480 17
481 18
482 13
483 20
484 17
485 5
486 25
487 14
488 6
489 19
490 7
491 27
492 14
493 10
494 19
495 6
496 13
497 2
498 4
499 9
500 23
501 27
502 18
503 6
504 5
505 19
506 26
507 16
508 21
509 41
510 8
511 4
512 13
513 4
514 9
515 6
516 17
517 12
518 4
519 14
520 6
521 6
522 9
523 16
524 15
525 6
526 9
527 16
528 13
529 25
530 15
531 14
532 13
533 25
534 10
535 11
536 3
537 9
538 13
539 6
540 16
541 11
542 15
543 22
544 8
545 6
546 9
547 18
548 8
549 21
550 30
551 12
552 6
553 17
554 7
555 9
556 15
557 1
558 16
559 16
560 5
561 25
562 18
563 10
564 11
565 7
566 4
567 12
568 14
569 14
570 1
571 16
572 15
573 5
574 17
575 14
576 14
577 12
578 14
579 15
580 9
581 4
582 23
583 14
584 21
585 7
586 11
587 16
588 10
589 11
590 10
591 18
592 6
593 19
594 20
595 20
596 14
597 21
598 19
599 8
600 8
601 11
602 8
603 14
604 3
605 9
606 12
607 12
608 13
609 18
610 3
611 7
612 9
613 24
614 16
615 3
616 10
617 14
618 14
619 8
620 19
621 20
622 8
623 2
624 8
625 8
626 10
627 11
628 14
629 11
630 12
631 23
632 15
633 6
634 26
635 15
636 12
637 8
638 11
639 9
640 26
641 9
642 10
643 10
644 10
645 12
646 8
647 14
648 16
649 3
650 5
651 11
652 13
653 15
654 18
655 11
656 14
657 7
658 4
659 17
660 12
661 5
662 6
663 21
664 22
665 16
666 8
667 10
668 10
669 6
670 11
671 15
672 20
673 27
674 17
675 11
676 20
677 14
678 20
679 14
680 21
681 19
682 9
683 11
684 17
685 8
686 8
687 9
688 17
689 20
690 13
691 27
692 8
693 16
694 10
695 22
696 17
697 12
698 18
699 5
700 12
701 18
702 10
703 19
704 13
705 10
706 18
707 5
708 12
709 17
710 4
711 13
712 6
713 18
714 20
715 10
716 17
717 14
718 11
719 21
720 21
721 18
722 6
723 12
724 17
725 6
726 4
727 27
728 23
729 9
730 3
731 19
732 18
733 32
734 7
735 16
736 10
737 14
738 6
739 21
740 19
741 6
742 11
743 5
744 24
745 12
746 28
747 13
748 16
749 12
750 4
751 6
752 9
753 3
754 11
755 15
756 27
757 16
758 26
759 13
760 12
761 8
762 18
763 16
764 14
765 8
766 7
767 0
768 11
769 5
770 10
771 17
772 18
773 12
774 9
775 24
776 5
777 9
778 14
779 9
780 8
781 26
782 18
783 16
784 12
785 15
786 6
787 21
788 17
789 10
790 12
791 27
792 19
793 15
794 22
795 10
796 23
797 12
798 17
799 9
800 3
801 11
802 13
803 10
804 17
805 8
806 15
807 4
808 7
809 12
810 15
811 20
812 12
813 8
814 14
815 15
816 14
817 14
818 13
819 3
820 21
821 9
822 12
823 21
824 3
825 14
826 7
827 12
828 7
829 15
830 7
831 10
832 15
833 10
834 16
835 1
836 11
837 12
838 8
839 12
840 1
841 17
842 4
843 22
844 4
845 5
846 19
847 9
848 17
849 10
850 9
851 7
852 4
853 5
854 2
855 14
856 5
857 10
858 7
859 3
860 10
861 11
862 2
863 7
864 8
865 8
866 3
867 11
868 4
869 22
870 5
871 8
872 11
873 7
874 14
875 5
876 11
877 13
878 17
879 14
880 15
881 12
882 14
883 13
884 14
885 20
886 16
887 10
888 13
889 11
890 17
891 18
892 5
893 7
894 20
895 11
896 10
897 14
898 15
899 12
900 16
901 5
902 11
903 11
904 15
905 14
906 9
907 12
908 7
909 14
910 6
911 9
912 12
913 9
914 14
915 13
916 5
917 8
918 19
919 12
920 10
921 12
922 11
923 7
924 15
925 6
926 5
927 10
928 9
929 19
930 27
931 11
932 11
933 10
934 12
935 9
936 2
937 15
938 11
939 6
940 9
941 2
942 12
943 13
944 9
945 9
946 6
947 11
948 6
949 15
950 20
951 8
952 15
953 8
954 10
955 10
956 9
957 20
958 1
959 17
960 6
961 13
962 5
963 5
964 18
965 17
966 16
967 14
968 6
969 8
970 6
971 8
972 3
973 3
974 8
975 12
976 3
977 2
978 6
979 15
980 15
981 5
982 0
983 15
984 9
985 1
986 6
987 16
988 7
989 7
990 16
991 9
992 13
993 10
994 2
995 9
996 12
997 4
998 19
999 16
1000 3
1001 18
1002 14
1003 13
1004 10
1005 8
1006 14
1007 12
1008 5
1009 16
1010 8
1011 6
1012 13
1013 14
1014 15
1015 11
1016 11
1017 11
1018 15
1019 21
1020 8
1021 8
1022 8
1023 5
1024 9
1025 12
1026 9
1027 7
1028 6
1029 11
1030 11
1031 11
1032 15
1033 12
1034 15
1035 8
1036 10
1037 6
1038 8
1039 3
1040 12
1041 9
1042 11
1043 7
1044 14
1045 8
1046 8
1047 11
1048 17
1049 4
1050 20
1051 3
1052 10
1053 2
1054 1
1055 3
1056 10
1057 4
1058 6
1059 4
1060 11
1061 9
1062 5
1063 20
1064 4
1065 5
1066 8
1067 6
1068 13
1069 4
1070 2
1071 16
1072 9
1073 5
1074 8
1075 8
1076 1
1077 2
1078 11
1079 15
1080 5
1081 7
1082 6
1083 10
1084 13
1085 16
1086 15
1087 11
1088 1
1089 4
1090 5
1091 11
1092 2
1093 0
1094 13
1095 6
1096 10
1097 3
1098 3
1099 3
1100 9
1101 5
1102 1
1103 5
1104 8
1105 5
1106 0
1107 6
1108 0
1109 2
1110 3
1111 7
1112 3
1113 6
1114 0
1115 5
1116 9
1117 1
1118 4
1119 6
1120 2
1121 5
1122 4
1123 6
1124 9
1125 7
1126 5
1127 6
1128 4
1129 10
1130 9
1131 3
1132 9
1133 14
1134 11
1135 10
1136 5
1137 5
1138 11
1139 2
1140 7
1141 5
1142 7
1143 11
1144 4
1145 11
1146 6
1147 3
1148 0
1149 8
1150 6
1151 0
1152 1
1153 7
1154 5
1155 17
1156 9
1157 11
1158 0
1159 11
1160 7
1161 2
1162 5
1163 0
1164 6
1165 7
1166 22
1167 11
1168 7
1169 6
1170 6
1171 4
1172 14
1173 6
1174 11
1175 4
1176 15
1177 15
1178 6
1179 13
1180 12
1181 9
1182 17
1183 16
1184 4
1185 6
1186 7
1187 13
1188 9
1189 9
1190 5
1191 6
1192 8
1193 6
1194 3
1195 0
1196 16
1197 7
1198 14
1199 14
1200 11
1201 13
1202 16
1203 10
1204 13
1205 17
1206 18
1207 9
1208 5
1209 8
1210 7
1211 9
1212 5
1213 29
1214 6
1215 16
1216 6
1217 14
1218 17
1219 2
1220 8
1221 5
1222 23
1223 4
1224 11
1225 16
1226 8
1227 7
1228 12
1229 7
1230 6
1231 7
1232 7
1233 10
1234 8
1235 16
1236 5
1237 5
1238 6
1239 10
1240 6
1241 20
1242 17
1243 5
1244 2
1245 7
1246 9
1247 2
1248 4
1249 0
1250 13
1251 5
1252 27
1253 10
1254 17
1255 2
1256 2
1257 8
1258 9
1259 12
1260 8
1261 7
1262 1
1263 4
1264 10
1265 2
1266 12
1267 2
1268 11
1269 2
1270 2
1271 6
1272 5
1273 3
1274 5
1275 0
1276 6
1277 13
1278 2
1279 11
1280 18
1281 1
1282 2
1283 7
1284 3
1285 17
1286 11
1287 5
1288 5
1289 3
1290 4
1291 2
1292 6
1293 7
1294 3
1295 8
1296 10
1297 9
1298 10
1299 5
1300 9
1301 10
1302 13
1303 5
1304 8
1305 12
1306 12
1307 17
1308 2
1309 4
1310 8
1311 15
1312 19
1313 10
1314 8
1315 11
1316 10
1317 12
1318 10
1319 18
1320 14
1321 8
1322 10
1323 4
1324 6
1325 11
1326 7
1327 13
1328 3
1329 7
1330 19
1331 12
1332 14
1333 6
1334 8
1335 8
1336 1
1337 7
1338 9
1339 6
1340 4
1341 0
1342 8
1343 1
1344 7
1345 3
1346 5
1347 7
1348 9
1349 2
1350 10
1351 8
1352 11
1353 5
1354 15
1355 5
1356 7
1357 0
1358 6
1359 3
1360 14
1361 5
1362 8
1363 13
1364 5
1365 2
1366 14
1367 10
1368 5
1369 9
1370 5
1371 5
1372 9
1373 5
1374 2
1375 6
1376 5
1377 3
1378 5
1379 7
1380 8
1381 7
1382 11
1383 13
1384 9
1385 6
1386 3
1387 5
1388 5
1389 6
1390 12
1391 12
1392 19
1393 12
1394 14
1395 8
1396 28
1397 17
1398 18
1399 10
1400 9
1401 2
1402 8
1403 6
1404 10
1405 5
1406 14
1407 9
1408 10
1409 9
1410 2
1411 10
1412 5
1413 15
1414 5
1415 8
1416 15
1417 4
1418 5
1419 5
1420 3
1421 20
1422 3
1423 2
1424 3
1425 2
1426 11
1427 3
1428 11
1429 11
1430 4
1431 11
1432 5
1433 6
1434 8
1435 12
1436 13
1437 9
1438 7
1439 3
1440 5
1441 4
1442 2
1443 13
1444 6
1445 9
1446 9
1447 5
1448 0
1449 17
1450 5
1451 0
1452 1
1453 7
1454 4
1455 3
1456 2
1457 5
1458 15
1459 3
1460 5
1461 6
1462 2
1463 17
1464 2
1465 0
1466 0
1467 3
1468 4
1469 4
1470 6
1471 0
1472 0
1473 6
1474 9
1475 4
1476 2
1477 2
1478 1
1479 7
1480 12
1481 13
1482 4
1483 1
1484 2
1485 2
1486 6
1487 7
1488 2
1489 9
1490 7
1491 7
1492 4
1493 4
1494 2
1495 2
1496 5
1497 9
1498 2
1499 9
1500 3
1501 1
1502 3
1503 0
1504 0
1505 6
1506 0
1507 0
1508 0
1509 0
1510 2
1511 3
1512 0
1513 4
1514 0
1515 2
1516 4
1517 0
1518 4
1519 9
1520 12
1521 0
1522 6
1523 8
1524 6
1525 0
1526 0
1527 0
1528 0
1529 0
1530 4
1531 4
1532 1
1533 0
1534 5
1535 3
1536 3
1537 1
1538 2
1539 3
1540 1
1541 3
1542 6
1543 6
1544 1
1545 11
1546 0
1547 2
1548 1
1549 1
1550 0
1551 6
1552 0
1553 0
1554 0
1555 0
1556 0
1557 0
1558 0
1559 0
1560 0
1561 0
1562 0
1563 0
1564 0
1565 0
1566 0
1567 0
1568 0
1569 0
1570 0
1571 0
1572 0
1573 0
1574 0
1575 0
1576 14
1577 0
1578 0
1579 0
1580 6
1581 0
1582 3
1583 6
1584 10
1585 4
1586 3
1587 11
1588 5
1589 2
1590 0
1591 7
1592 11
1593 2
1594 5
1595 3
1596 2
1597 3
1598 7
1599 0
1600 0
1601 9
1602 0
1603 4
1604 0
1605 0
1606 4
1607 8
1608 0
1609 6
1610 2
1611 7
1612 4
1613 5
1614 2
1615 1
1616 7
1617 4
1618 3
1619 9
1620 7
1621 0
1622 7
1623 9
1624 0
1625 0
1626 1
1627 2
1628 4
1629 0
1630 1
1631 3
1632 7
1633 9
1634 3
1635 5
1636 6
1637 13
1638 6
1639 10
1640 5
1641 3
1642 4
1643 3
1644 7
1645 7
1646 6
1647 9
1648 9
1649 7
1650 4
1651 7
1652 8
1653 8
1654 2
1655 8
1656 8
1657 0
1658 16
1659 0
1660 4
1661 11
1662 9
1663 2
1664 8
1665 0
1666 5
1667 0
1668 5
1669 11
1670 0
1671 1
1672 5
1673 3
1674 8
1675 4
1676 11
1677 2
1678 3
1679 3
1680 15
1681 12
1682 6
1683 7
1684 2
1685 14
1686 5
1687 9
1688 2
1689 0
1690 12
1691 3
1692 3
1693 9
1694 0
1695 4
1696 1
1697 0
1698 9
1699 4
1700 0
1701 0
1702 4
1703 4
1704 11
1705 4
1706 3
1707 3
1708 16
1709 4
1710 6
1711 4
1712 5
1713 8
1714 7
1715 2
1716 7
1717 3
1718 3
1719 4
1720 1
1721 9
1722 6
1723 2
1724 7
1725 0
1726 0
1727 0
1728 1
1729 1
1730 6
1731 9
1732 2
1733 4
1734 2
1735 2
1736 4
1737 0
1738 2
1739 12
1740 7
1741 4
1742 1
1743 8
1744 2
1745 0
1746 1
1747 7
1748 12
1749 6
1750 7
1751 0
1752 2
1753 6
1754 11
1755 5
1756 10
1757 0
1758 3
1759 3
1760 4
1761 3
1762 4
1763 1
1764 2
1765 3
1766 9
1767 19
1768 5
1769 2
1770 0
1771 9
1772 3
1773 8
1774 7
1775 5
1776 6
1777 8
1778 14
1779 22
1780 5
1781 5
1782 0
1783 6
1784 2
1785 12
1786 6
1787 0
1788 2
1789 9
1790 2
1791 2
1792 5
1793 2
1794 5
1795 12
1796 5
1797 6
1798 4
1799 1
1800 10
1801 0
1802 12
1803 7
1804 12
1805 4
1806 8
1807 6
1808 5
1809 8
1810 3
1811 2
1812 8
1813 1
1814 6
1815 5
1816 13
1817 3
1818 5
1819 0
1820 3
1821 0
1822 0
1823 3
1824 0
1825 0
1826 0
1827 3
1828 3
1829 1
1830 7
1831 5
1832 3
1833 2
1834 4
1835 7
1836 9
1837 6
1838 11
1839 8
1840 4
1841 5
1842 6
1843 8
1844 14
1845 15
1846 9
1847 11
1848 10
1849 11
1850 3
1851 12
1852 8
1853 20
1854 10
1855 3
1856 13
1857 8
1858 7
1859 12
1860 9
1861 14
1862 8
1863 10
1864 13
1865 14
1866 12
1867 5
1868 18
1869 10
1870 0
1871 10
1872 4
1873 3
1874 2
1875 4
1876 9
1877 8
1878 4
1879 7
1880 0
1881 8
1882 17
1883 9
1884 3
1885 2
1886 8
1887 11
1888 5
1889 14
1890 2
1891 6
1892 4
1893 13
1894 7
1895 5
1896 0
1897 11
1898 5
1899 0
1900 2
1901 6
1902 4
1903 11
1904 6
1905 6
1906 4
1907 6
1908 7
1909 0
1910 4
1911 13
1912 0
1913 5
1914 3
1915 5
1916 7
1917 9
1918 2
1919 4
1920 11
1921 3
1922 0
1923 4
1924 0
1925 0
1926 0
1927 2
1928 0
1929 2
1930 0
1931 0
1932 0
1933 0
1934 0
1935 0
1936 0
1937 0
1938 0
1939 0
1940 0
1941 0
1942 0
1943 0
1944 0
1945 0
1946 0
1947 0
1948 0
1949 0
1950 0
1951 0
1952 0
1953 0
1954 0
1955 0
1956 0
1957 0
1958 0
1959 0
1960 0
1961 0
1962 0
1963 0
1964 0
1965 0
1966 0
1967 0
1968 0
1969 3
1970 0
1971 3
1972 9
1973 4
1974 6
1975 2
1976 0
1977 2
1978 1
1979 4
1980 6
1981 4
1982 8
1983 3
1984 7
1985 7
1986 5
1987 2
1988 2
1989 4
1990 6
1991 11
1992 7
1993 0
1994 0
1995 0
1996 6
1997 5
1998 1
1999 8
2000 3
2001 2
2002 8
2003 3
2004 4
2005 6
2006 4
2007 17
2008 10
2009 8
2010 5
2011 8
2012 8
2013 10
2014 3
2015 3
2016 9
2017 0
2018 2
2019 5
2020 14
2021 0
2022 6
2023 10
2024 11
2025 12
2026 5
2027 3
2028 7
2029 12
2030 9
2031 10
2032 9
2033 4
2034 8
2035 5
2036 14
2037 6
2038 13
2039 10
2040 25
2041 7
2042 24
2043 12
2044 7
2045 7
2046 6
2047 8
2048 14
2049 7
2050 19
2051 2
2052 0
2053 2
2054 0
2055 0
2056 0
2057 0
2058 0
2059 0
2060 0
2061 0
2062 0
2063 0
2064 0
2065 0
2066 0
2067 0
2068 0
2069 0
2070 0
2071 8
2072 0
2073 0
2074 0
2075 0
2076 0
2077 0
2078 0
2079 0
2080 0
2081 0
2082 0
2083 0
2084 0
2085 0
2086 0
2087 0
2088 0
2089 0
2090 0
2091 0
2092 0
2093 0
2094 0
2095 0
2096 0
2097 0
2098 0
2099 0
2100 0
2101 0
2102 0
2103 0
2104 0
2105 0
2106 0
2107 0
2108 0
2109 0
2110 0
2111 0
2112 0
2113 4
2114 3
2115 0
2116 2
2117 3
2118 0
2119 0
2120 0
2121 0
2122 0
2123 0
2124 0
2125 0
2126 0
2127 0
2128 0
2129 0
2130 0
2131 0
2132 0
2133 0
2134 0
2135 0
2136 0
2137 0
2138 0
2139 3
2140 5
2141 0
2142 2
2143 2
2144 0
2145 6
2146 8
2147 7
2148 9
2149 12
2150 18
2151 13
2152 5
2153 4
2154 3
2155 11
2156 3
2157 14
2158 0
2159 6
2160 2
2161 6
2162 2
2163 3
2164 0
2165 6
2166 2
2167 9
2168 2
2169 9
2170 0
2171 14
2172 13
2173 10
2174 6
2175 14
2176 4
2177 18
2178 8
2179 16
2180 9
2181 13
2182 14
2183 17
2184 19
2185 8
2186 7
2187 12
2188 10
2189 6
2190 15
2191 6
2192 6
2193 6
2194 5
2195 5
2196 3
2197 1
2198 2
2199 5
2200 5
2201 4
2202 10
2203 7
2204 2
2205 3
2206 2
2207 0
2208 0
2209 15
2210 18
2211 8
2212 3
2213 1
2214 0
2215 0
2216 0
2217 15
2218 2
2219 0
2220 0
2221 0
2222 0
2223 7
2224 2
2225 2
2226 4
2227 6
2228 0
2229 2
2230 0
2231 2
2232 2
2233 4
2234 5
2235 1
2236 4
2237 0
2238 0
2239 2
2240 0
2241 0
2242 0
2243 0
2244 0
2245 0
2246 0
2247 0
2248 0
2249 0
2250 0
2251 0
2252 0
2253 0
2254 0
2255 0
2256 0
2257 0
2258 0
2259 0
2260 0
2261 0
2262 0
2263 0
2264 0
2265 0
2266 0
2267 0
2268 0
2269 0
2270 0
2271 0
2272 0
2273 0
2274 0
2275 0
2276 0
2277 0
2278 0
2279 0
2280 0
2281 0
2282 0
2283 0
2284 0
2285 0
2286 0
2287 0
2288 0
2289 0
2290 0
2291 0
2292 0
2293 0
2294 0
2295 0
2296 0
2297 0
2298 0
2299 4
2300 5
2301 1
2302 2
2303 7
2304 3
2305 4
2306 13
2307 6
2308 1
2309 1
2310 8
2311 2
2312 7
2313 2
2314 5
2315 0
2316 6
2317 5
2318 6
2319 3
2320 0
2321 2
2322 1
2323 1
2324 5
2325 5
2326 2
2327 4
2328 8
2329 9
2330 6
2331 7
2332 6
2333 12
2334 6
2335 13
2336 7
2337 11
2338 5
2339 0
2340 0
2341 0
2342 0
2343 0
2344 0
2345 0
2346 0
2347 0
2348 0
2349 0
2350 0
2351 0
2352 0
2353 0
2354 0
2355 0
2356 2
2357 8
2358 2
2359 3
2360 1
2361 8
2362 10
2363 8
2364 2
2365 13
2366 1
2367 8
2368 3
2369 8
2370 14
2371 8
2372 10
2373 0
2374 2
2375 22
2376 2
2377 5
2378 3
2379 11
2380 5
2381 13
2382 6
2383 9
2384 13
2385 2
2386 0
2387 2
2388 2
2389 0
2390 3
2391 4
2392 6
2393 13
2394 3
2395 4
2396 9
2397 0
2398 0
2399 0
2400 6
2401 1
2402 0
2403 0
2404 6
2405 5
2406 16
2407 7
2408 10
2409 0
2410 4
2411 7
2412 7
2413 2
2414 2
2415 3
2416 2
2417 5
2418 6
2419 12
2420 10
2421 6
2422 3
2423 16
2424 7
2425 7
2426 0
2427 6
2428 0
2429 6
2430 4
2431 10
2432 0
2433 2
2434 8
2435 9
2436 12
2437 6
2438 6
2439 11
2440 7
2441 5
2442 7
2443 0
2444 3
2445 0
2446 3
2447 2
2448 5
2449 4
2450 1
2451 3
2452 4
2453 4
2454 0
2455 0
2456 0
2457 0
2458 0
2459 0
2460 0
2461 0
2462 0
2463 0
2464 0
2465 0
2466 0
2467 0
2468 0
2469 0
2470 0
2471 0
2472 0
2473 0
2474 0
2475 0
2476 0
2477 0
2478 0
2479 0
2480 0
2481 0
2482 0
2483 0
2484 0
2485 0
2486 0
2487 0
2488 0
2489 0
2490 0
2491 0
2492 0
2493 0
2494 0
2495 0
2496 0
2497 0
2498 0
2499 0
2500 0
2501 0
2502 0
2503 0
2504 0
2505 0
2506 0
2507 0
2508 0
2509 0
2510 0
2511 0
2512 0
2513 0
2514 0
2515 0
2516 0
2517 0
2518 0
2519 0
2520 0
2521 0
2522 0
2523 0
2524 0
2525 0
2526 0
2527 0
2528 4
2529 0
2530 0
2531 0
2532 0
2533 0
2534 0
2535 0
2536 0
2537 0
2538 0
2539 0
2540 0
2541 0
2542 0
2543 0
2544 0
2545 0
2546 0
2547 0
2548 0
2549 0
2550 0
2551 0
2552 0
2553 0
2554 0
2555 0
2556 0
2557 0
2558 0
2559 0
2560 0
2561 0
2562 0
2563 0
2564 0
2565 0
2566 0
2567 0
2568 0
2569 0
2570 0
2571 0
2572 0
2573 0
2574 0
2575 0
2576 0
2577 0
2578 0
2579 0
2580 0
2581 0
2582 0
2583 0
2584 0
2585 0
2586 0
2587 0
2588 0
2589 0
2590 0
2591 0
2592 0
2593 0
2594 0
2595 0
2596 0
2597 0
2598 0
2599 0
2600 0
2601 0
2602 0
2603 0
2604 0
2605 0
2606 0
2607 0
2608 0
2609 0
2610 0
2611 0
2612 0
2613 0
2614 0
2615 0
2616 0
2617 0
2618 0
2619 0
2620 0
2621 0
2622 0
2623 0
2624 0
2625 0
2626 0
2627 0
2628 0
2629 0
2630 0
2631 0
2632 0
2633 0
2634 0
2635 0
2636 0
2637 0
2638 0
2639 0
2640 0
2641 0
2642 0
2643 0
2644 0
2645 0
2646 0
2647 0
2648 0
2649 0
2650 0
2651 0
2652 0
2653 0
2654 0
2655 0
2656 0
2657 3
2658 2
2659 9
2660 5
2661 2
2662 8
2663 5
2664 0
2665 0
2666 6
2667 0
2668 7
2669 7
2670 0
2671 2
2672 5
2673 3
2674 14
2675 3
2676 8
2677 6
2678 0
2679 10
2680 7
2681 2
2682 1
2683 7
2684 0
2685 3
2686 4
2687 6
2688 4
2689 3
2690 4
2691 3
2692 8
2693 2
2694 2
2695 0
2696 2
2697 4
2698 9
2699 1
2700 0
2701 1
2702 4
2703 5
2704 10
2705 7
2706 8
2707 7
2708 1
2709 1
2710 0
2711 5
2712 2
2713 10
2714 3
2715 2
2716 10
2717 17
2718 15
2719 20
2720 23
2721 15
2722 22
2723 12
2724 5
2725 25
2726 19
2727 8
2728 13
2729 8
2730 16
2731 15
2732 16
2733 15
2734 14
2735 12
2736 12
2737 20
2738 18
2739 9
2740 11
2741 18
2742 12
2743 13
2744 18
2745 17
2746 20
2747 12
2748 25
2749 4
2750 16
2751 17
2752 7
2753 15
2754 15
2755 8
2756 12
2757 17
2758 12
2759 11
2760 9
2761 7
2762 13
2763 10
2764 10
2765 19
2766 9
2767 12
2768 11
2769 12
2770 10
2771 15
2772 23
2773 13
2774 19
2775 19
2776 17
2777 20
2778 16
2779 16
2780 9
2781 8
2782 5
2783 9
2784 0
2785 10
2786 0
2787 7
2788 2
2789 0
2790 1
2791 6
2792 1
2793 3
2794 4
2795 0
2796 0
2797 1
2798 0
2799 2
2800 2
2801 4
2802 16
2803 11
2804 15
2805 16
2806 15
2807 11
2808 15
2809 8
2810 17
2811 0
2812 5
2813 2
2814 0
2815 0
2816 7
2817 1
2818 8
2819 9
2820 5
2821 6
2822 2
2823 2
2824 0
2825 2
2826 3
2827 4
2828 0
2829 2
2830 6
2831 1
2832 5
2833 1
2834 15
2835 3
2836 0
2837 3
2838 4
2839 4
2840 2
2841 2
2842 5
2843 8
2844 6
2845 3
2846 5
2847 7
2848 5
2849 14
2850 11
2851 2
2852 6
2853 7
2854 6
2855 1
2856 7
2857 10
2858 7
2859 9
2860 4
2861 11
2862 1
2863 12
2864 5
2865 7
2866 12
2867 1
2868 2
2869 6
2870 2
2871 2
2872 1
2873 1
2874 6
2875 0
2876 0
2877 2
2878 0
2879 6
2880 7
2881 0
2882 3
2883 3
2884 3
2885 5
2886 2
2887 0
2888 2
2889 3
2890 3
2891 5
2892 1
2893 0
2894 5
2895 7
2896 2
2897 2
2898 2
2899 3
2900 1
2901 1
2902 6
2903 2
2904 2
2905 0
2906 10
2907 3
2908 0
2909 8
2910 10
2911 0
2912 0
2913 7
2914 2
2915 12
2916 0
2917 7
2918 12
2919 7
2920 12
2921 5
2922 9
2923 0
2924 9
2925 8
2926 6
2927 6
2928 0
2929 8
2930 4
2931 3
2932 0
2933 0
2934 0
2935 0
2936 0
2937 0
2938 0
2939 0
2940 0
2941 0
2942 0
2943 0
2944 0
2945 0
2946 0
2947 0
2948 0
2949 0
2950 0
2951 0
2952 0
2953 0
2954 0
2955 0
2956 0
2957 0
2958 0
2959 0
2960 0
2961 0
2962 0
2963 0
2964 0
2965 0
2966 0
2967 0
2968 0
2969 0
2970 0
2971 0
2972 0
2973 0
2974 0
2975 0
2976 0
2977 0
2978 0
2979 0
2980 0
2981 0
2982 0
2983 0
2984 0
2985 0
2986 0
2987 0
2988 0
2989 0
2990 0
2991 0
2992 0
2993 0
2994 0
2995 0
2996 0
2997 0
2998 0
2999 0
3000 0
3001 0
3002 0
3003 0
3004 0
3005 0
3006 0
3007 0
3008 0
3009 0
3010 0
3011 0
3012 0
3013 0
3014 0
3015 0
3016 0
3017 0
3018 0
3019 0
3020 0
3021 0
3022 0
3023 0
3024 0
3025 0
3026 0
3027 0
3028 0
3029 0
3030 0
3031 0
3032 0
3033 0
3034 0
3035 0
3036 0
3037 0
3038 0
3039 0
3040 0
3041 0
3042 0
3043 0
3044 0
3045 0
3046 0
3047 0
3048 0
3049 0
3050 0
3051 0
3052 0
3053 0
3054 0
3055 0
3056 0
3057 0
3058 0
3059 0
3060 0
3061 0
3062 0
3063 0
3064 0
3065 0
3066 0
3067 0
3068 0
3069 0
3070 0
3071 0
3072 0
3073 0
3074 0
3075 0
3076 0
3077 0
3078 0
3079 0
3080 0
3081 0
3082 0
3083 0
3084 0
3085 0
3086 0
3087 0
3088 0
3089 0
3090 0
3091 0
3092 0
3093 0
3094 0
3095 0
3096 0
3097 0
3098 0
3099 0
3100 0
3101 0
3102 0
3103 0
3104 0
3105 0
3106 0
3107 0
3108 0
3109 0
3110 0
3111 0
3112 0
3113 0
3114 0
3115 0
3116 0
3117 0
3118 0
3119 0
3120 0
3121 0
3122 0
3123 0
3124 0
3125 0
3126 0
3127 0
3128 0
3129 0
3130 0
3131 3
3132 2
3133 6
3134 3
3135 3
3136 7
3137 7
3138 6
3139 0
3140 0
3141 2
3142 5
3143 3
3144 3
3145 6
3146 8
3147 2
3148 3
3149 0
3150 4
3151 8
3152 0
3153 1
3154 8
3155 3
3156 1
3157 0
3158 0
3159 0
3160 0
3161 3
3162 2
3163 2
3164 3
3165 0
3166 3
3167 0
3168 4
3169 4
3170 0
3171 2
3172 3
3173 3
3174 4
3175 0
3176 0
3177 1
3178 8
3179 3
3180 9
3181 7
3182 2
3183 1
3184 9
3185 0
3186 2
3187 7
3188 6
3189 0
3190 1
3191 0
3192 0
3193 1
3194 6
3195 2
3196 10
3197 7
3198 7
3199 9
3200 7
3201 0
3202 11
3203 2
3204 1
3205 0
3206 0
3207 0
3208 4
3209 0
3210 3
3211 0
3212 4
3213 4
3214 0
3215 0
3216 0
3217 0
3218 0
3219 0
3220 0
3221 0
3222 0
3223 0
3224 0
3225 0
3226 0
3227 0
3228 0
3229 0
3230 0
3231 0
3232 0
3233 0
3234 0
3235 0
3236 0
3237 0
3238 0
3239 0
3240 0
3241 0
3242 0
3243 0
3244 0
3245 0
3246 0
3247 0
3248 0
3249 0
3250 0
3251 0
3252 0
3253 0
3254 0
3255 0
3256 0
3257 0
3258 0
3259 0
3260 0
3261 0
3262 0
3263 0
3264 0
3265 0
3266 0
3267 0
3268 0
3269 0
3270 1
3271 0
3272 0
3273 7
3274 4
3275 4
3276 8
3277 0
3278 8
3279 6
3280 7
3281 7
3282 3
3283 1
3284 6
3285 2
3286 2
3287 3
3288 1
3289 12
3290 8
3291 7
3292 2
3293 4
3294 0
3295 4
3296 7
3297 12
3298 5
3299 5
3300 6
3301 2
3302 2
3303 7
3304 2
3305 0
3306 2
3307 2
3308 6
3309 4
3310 2
3311 0
3312 2
3313 0
3314 3
3315 0
3316 5
3317 5
3318 4
3319 1
3320 7
3321 7
3322 5
3323 3
3324 0
3325 0
3326 0
3327 0
3328 0
3329 0
3330 0
3331 0
3332 0
3333 0
3334 0
3335 0
3336 0
3337 0
3338 0
3339 0
3340 0
3341 0
3342 0
3343 0
3344 0
3345 0
3346 0
3347 0
3348 0
3349 0
3350 0
3351 0
3352 0
3353 0
3354 0
3355 0
3356 0
3357 0
3358 0
3359 0
3360 0
3361 0
3362 0
3363 0
3364 0
3365 0
3366 0
3367 0
3368 0
3369 0
3370 0
3371 0
3372 0
3373 1
3374 2
3375 5
3376 0
3377 1
3378 0
3379 0
3380 0
3381 3
3382 2
3383 8
3384 1
3385 0
3386 3
3387 0
3388 3
3389 0
3390 2
3391 0
3392 0
3393 0
3394 0
3395 0
3396 2
3397 0
3398 2
3399 0
3400 4
3401 1
3402 1
3403 2
3404 0
3405 0
3406 0
3407 0
3408 0
3409 2
3410 1
3411 0
3412 0
3413 0
3414 0
3415 0
3416 4
3417 0
3418 0
3419 4
3420 6
3421 0
3422 2
3423 4
3424 0
3425 2
3426 4
3427 0
3428 0
3429 2
3430 0
3431 3
3432 2
3433 1
3434 0
3435 4
3436 5
3437 0
3438 0
3439 0
3440 2
3441 0
3442 0
3443 3
3444 4
3445 3
3446 0
3447 9
3448 3
3449 3
3450 0
3451 2
3452 3
3453 0
3454 0
3455 4
3456 3
3457 0
3458 2
3459 5
3460 1
3461 5
3462 0
3463 0
3464 3
3465 0
3466 1
3467 0
3468 2
3469 0
3470 2
3471 2
3472 0
3473 4
3474 0
3475 4
3476 2
3477 2
3478 0
3479 0
3480 4
3481 11
3482 2
3483 0
3484 4
3485 6
3486 2
3487 8
3488 4
3489 1
3490 2
3491 2
3492 8
3493 2
3494 6
3495 2
3496 3
3497 11
3498 1
3499 7
3500 4
3501 2
3502 0
3503 0
3504 3
3505 0
3506 0
3507 4
3508 0
3509 0
3510 3
3511 7
3512 7
3513 2
3514 0
3515 0
3516 0
3517 0
3518 6
3519 3
3520 2
3521 1
3522 6
3523 0
3524 3
3525 0
3526 4
3527 2
3528 5
3529 0
3530 0
3531 0
3532 0
3533 2
3534 3
3535 0
3536 2
3537 5
3538 5
3539 0
3540 5
3541 0
3542 0
3543 6
3544 7
3545 0
3546 0
3547 3
3548 0
3549 0
3550 7
3551 0
3552 5
3553 0
3554 0
3555 0
3556 2
3557 0
3558 0
3559 0
3560 0
3561 2
3562 2
3563 2
3564 0
3565 0
3566 2
3567 10
3568 0
3569 0
3570 6
3571 0
3572 1
3573 9
3574 0
3575 0
3576 0
3577 0
3578 0
3579 0
3580 2
3581 0
3582 5
3583 4
3584 0
3585 3
3586 0
3587 0
3588 0
3589 0
3590 2
3591 2
3592 5
3593 0
3594 2
3595 0
3596 0
3597 0
3598 0
3599 4
3600 4
3601 0
3602 0
3603 0
3604 0
3605 4
3606 1
3607 5
3608 0
3609 8
3610 2
3611 4
3612 2
3613 3
3614 15
3615 7
3616 2
3617 4
3618 2
3619 4
3620 2
3621 5
3622 2
3623 7
3624 0
3625 0
3626 3
3627 10
3628 3
3629 2
3630 0
3631 4
3632 5
3633 2
3634 2
3635 2
3636 4
3637 7
3638 2
3639 0
3640 3
3641 7
3642 6
3643 0
3644 0
3645 2
3646 1
3647 0
3648 0
3649 3
3650 0
3651 4
3652 3
3653 4
3654 2
3655 2
3656 2
3657 0
3658 0
3659 0
3660 0
3661 0
3662 0
3663 0
3664 1
3665 2
3666 0
3667 2
3668 2
3669 1
3670 0
3671 0
3672 0
3673 0
3674 1
3675 0
3676 2
3677 4
3678 0
3679 3
3680 0
3681 0
3682 3
3683 2
3684 1
3685 2
3686 4
3687 0
3688 3
3689 1
3690 9
3691 1
3692 6
3693 0
3694 7
3695 2
3696 2
3697 0
3698 0
3699 2
3700 4
3701 0
3702 3
3703 2
3704 6
3705 0
3706 0
3707 0
3708 0
3709 0
3710 6
3711 7
3712 6
3713 3
3714 2
3715 1
3716 0
3717 1
3718 0
3719 2
3720 6
3721 3
3722 0
3723 0
3724 0
3725 0
3726 0
3727 0
3728 1
3729 7
3730 8
3731 1
3732 0
3733 4
3734 1
3735 10
3736 0
3737 3
3738 4
3739 0
3740 3
3741 2
3742 1
3743 0
3744 7
3745 6
3746 6
3747 2
3748 0
3749 2
3750 4
3751 2
3752 0
3753 4
3754 0
3755 4
3756 8
3757 0
3758 0
3759 0
3760 3
3761 2
3762 0
3763 4
3764 0
3765 5
3766 4
3767 2
3768 0
3769 0
3770 0
3771 0
3772 0
3773 0
3774 5
3775 4
3776 4
3777 2
3778 0
3779 0
3780 1
3781 3
3782 2
3783 7
3784 0
3785 7
3786 8
3787 2
3788 3
3789 0
3790 10
3791 0
3792 0
3793 0
3794 11
3795 1
3796 4
3797 8
3798 9
3799 16
3800 6
3801 2
3802 0
3803 1
3804 3
3805 2
3806 2
3807 6
3808 9
3809 2
3810 7
3811 2
3812 1
3813 1
3814 10
3815 3
3816 0
3817 6
3818 11
3819 5
3820 6
3821 3
3822 4
3823 0
3824 10
3825 7
3826 0
3827 7
3828 10
3829 3
3830 8
3831 5
3832 3
3833 3
3834 10
3835 0
3836 12
3837 4
3838 2
3839 2
3840 3
3841 11
3842 4
3843 2
3844 8
3845 5
3846 3
3847 2
3848 12
3849 5
3850 6
3851 0
3852 3
3853 8
3854 1
3855 4
3856 4
3857 9
3858 5
3859 2
3860 2
3861 3
3862 8
3863 5
3864 3
3865 2
3866 2
3867 4
3868 2
3869 2
3870 6
3871 4
3872 0
3873 2
3874 6
3875 10
3876 3
3877 3
3878 2
3879 0
3880 0
3881 2
3882 0
3883 8
3884 1
3885 0
3886 0
3887 7
3888 2
3889 5
3890 2
3891 4
3892 3
3893 9
3894 7
3895 6
3896 2
3897 0
3898 5
3899 10
3900 8
3901 8
3902 2
3903 6
3904 3
3905 11
3906 13
3907 16
3908 8
3909 0
3910 4
3911 3
3912 7
3913 4
3914 6
3915 0
3916 10
3917 7
3918 5
3919 10
3920 11
3921 4
3922 4
3923 9
3924 11
3925 8
3926 6
3927 8
3928 9
3929 6
3930 4
3931 6
3932 4
3933 0
3934 6
3935 4
3936 0
3937 7
3938 0
3939 2
3940 2
3941 2
3942 8
3943 8
3944 8
3945 1
3946 4
3947 12
3948 2
3949 0
3950 2
3951 8
3952 3
3953 11
3954 6
3955 3
3956 7
3957 9
3958 3
3959 9
3960 7
3961 4
3962 9
3963 8
3964 12
3965 7
3966 7
3967 3
3968 8
3969 4
3970 7
3971 4
3972 0
3973 3
3974 4
3975 2
3976 4
3977 4
3978 2
3979 4
3980 5
3981 5
3982 11
3983 0
3984 6
3985 9
3986 2
3987 9
3988 5
3989 4
3990 8
3991 7
3992 0
3993 2
3994 2
3995 2
3996 4
3997 8
3998 2
3999 8
4000 7
4001 0
4002 4
4003 0
4004 3
4005 6
4006 0
4007 4
4008 4
4009 2
4010 5
4011 2
4012 0
4013 2
4014 2
4015 2
4016 0
4017 0
4018 5
4019 6
4020 5
4021 5
4022 2
4023 1
4024 4
4025 14
4026 11
4027 4
4028 2
4029 2
4030 2
4031 9
4032 0
4033 13
4034 5
4035 5
4036 12
4037 2
4038 4
4039 9
4040 10
4041 2
4042 2
4043 5
4044 7
4045 9
4046 2
4047 6
4048 5
4049 9
4050 0
4051 6
4052 5
4053 4
4054 4
4055 3
4056 4
4057 8
4058 18
4059 3
4060 11
4061 4
4062 10
4063 6
4064 5
4065 2
4066 1
4067 5
4068 0
4069 3
4070 9
4071 6
4072 3
4073 3
4074 6
4075 0
4076 4
4077 2
4078 3
4079 8
4080 2
4081 9
4082 3
4083 5
4084 0
4085 4
4086 8
4087 6
4088 8
4089 5
4090 4
4091 4
4092 4
4093 6
4094 1
4095 14
4096 2
4097 1
4098 4
4099 2
4100 8
4101 4
4102 5
4103 4
4104 5
4105 8
4106 0
4107 2
4108 1
4109 5
4110 10
4111 0
4112 3
4113 2
4114 11
4115 8
4116 7
4117 8
4118 0
4119 3
4120 5
4121 3
4122 7
4123 8
4124 7
4125 10
4126 3
4127 3
4128 4
4129 5
4130 2
4131 1
4132 6
4133 4
4134 3
4135 2
4136 14
4137 4
4138 6
4139 11
4140 0
4141 4
4142 0
4143 13
4144 4
4145 0
4146 5
4147 0
4148 3
4149 4
4150 2
4151 1
4152 2
4153 2
4154 0
4155 4
4156 8
4157 8
4158 2
4159 0
4160 0
4161 0
4162 5
4163 0
4164 1
4165 0
4166 2
4167 5
4168 0
4169 4
4170 1
4171 1
4172 4
4173 0
4174 6
4175 0
4176 2
4177 0
4178 4
4179 0
4180 4
4181 0
4182 1
4183 3
4184 6
4185 0
4186 3
4187 3
4188 7
4189 6
4190 0
4191 3
4192 2
4193 3
4194 0
4195 1
4196 4
4197 2
4198 5
4199 0
4200 0
4201 4
4202 2
4203 5
4204 2
4205 3
4206 3
4207 2
4208 2
4209 0
4210 6
4211 0
4212 0
4213 2
4214 1
4215 2
4216 3
4217 3
4218 0
4219 0
4220 1
4221 4
4222 1
4223 1
4224 3
4225 5
4226 7
4227 3
4228 0
4229 1
4230 3
4231 2
4232 0
4233 5
4234 0
4235 7
4236 2
4237 1
4238 2
4239 0
4240 0
4241 6
4242 4
4243 4
4244 3
4245 2
4246 0
4247 4
4248 3
4249 11
4250 2
4251 3
4252 7
4253 9
4254 8
4255 4
4256 2
4257 0
4258 2
4259 6
4260 6
4261 10
4262 2
4263 7
4264 6
4265 0
4266 4
4267 1
4268 0
4269 3
4270 6
4271 7
4272 16
4273 5
4274 4
4275 6
4276 12
4277 0
4278 5
4279 6
4280 1
4281 17
4282 0
4283 3
4284 1
4285 2
4286 4
4287 0
4288 2
4289 1
4290 3
4291 4
4292 3
4293 0
4294 1
4295 2
4296 2
4297 1
4298 8
4299 7
4300 13
4301 2
4302 4
4303 8
4304 6
4305 1
4306 9
4307 0
4308 4
4309 0
4310 2
4311 1
4312 0
4313 0
4314 0
4315 3
4316 0
4317 2
4318 5
4319 1
4320 2
4321 9
4322 0
4323 8
4324 8
4325 1
4326 2
4327 5
4328 1
4329 8
4330 4
4331 0
4332 3
4333 14
4334 8
4335 2
4336 1
4337 5
4338 4
4339 6
4340 0
4341 0
4342 11
4343 2
4344 5
4345 3
4346 4
4347 8
4348 7
4349 5
4350 4
4351 4
4352 2
4353 5
4354 0
4355 2
4356 9
4357 3
4358 7
4359 4
4360 2
4361 2
4362 9
4363 0
4364 3
4365 7
4366 4
4367 0
4368 0
4369 0
4370 0
4371 0
4372 0
4373 0
4374 0
4375 0
4376 4
4377 4
4378 0
4379 3
4380 0
4381 4
4382 0
4383 0
4384 0
4385 0
4386 0
4387 0
4388 2
4389 1
4390 0
4391 0
4392 2
4393 0
4394 0
4395 1
4396 0
4397 0
4398 0
4399 5
4400 2
4401 1
4402 3
4403 2
4404 3
4405 5
4406 2
4407 2
4408 4
4409 6
4410 3
4411 3
4412 4
4413 10
4414 4
4415 4
4416 2
4417 4
4418 4
4419 0
4420 2
4421 0
4422 2
4423 8
4424 6
4425 0
4426 4
4427 0
4428 2
4429 2
4430 1
4431 0
4432 4
4433 2
4434 6
4435 8
4436 4
4437 1
4438 3
4439 6
4440 5
4441 2
4442 2
4443 1
4444 5
4445 0
4446 2
4447 0
4448 4
4449 4
4450 0
4451 0
4452 4
4453 0
4454 0
4455 4
4456 0
4457 0
4458 4
4459 0
4460 1
4461 0
4462 2
4463 0
4464 0
4465 0
4466 0
4467 0
4468 0
4469 0
4470 0
4471 0
4472 5
4473 0
4474 3
4475 0
4476 2
4477 0
4478 0
4479 0
4480 4
4481 6
4482 3
4483 2
4484 0
4485 0
4486 0
4487 2
4488 0
4489 0
4490 0
4491 4
4492 0
4493 0
4494 0
4495 8
4496 3
4497 3
4498 0
4499 0
4500 0
4501 0
4502 0
4503 0
4504 0
4505 0
4506 0
4507 0
4508 0
4509 3
4510 0
4511 0
4512 3
4513 4
4514 2
4515 3
4516 0
4517 3
4518 0
4519 3
4520 2
4521 3
4522 0
4523 7
4524 3
4525 0
4526 2
4527 0
4528 0
4529 0
4530 3
4531 2
4532 2
4533 0
4534 0
4535 0
4536 4
4537 0
4538 5
4539 2
4540 3
4541 0
4542 2
4543 0
4544 3
4545 0
4546 0
4547 3
4548 3
4549 0
4550 0
4551 0
4552 0
4553 0
4554 0
4555 0
4556 5
4557 0
4558 0
4559 2
4560 0
4561 3
4562 0
4563 0
4564 0
4565 0
4566 0
4567 0
4568 0
4569 0
4570 8
4571 2
4572 0
4573 0
4574 0
4575 4
4576 0
4577 0
4578 0
4579 0
4580 0
4581 0
4582 0
4583 0
4584 1
4585 1
4586 0
4587 4
4588 0
4589 0
4590 0
4591 0
4592 0
4593 0
4594 0
4595 0
4596 0
4597 0
4598 0
4599 4
4600 0
4601 4
4602 2
4603 0
4604 1
4605 7
4606 3
4607 0
4608 2
4609 0
4610 0
4611 0
4612 0
4613 5
4614 0
4615 0
4616 0
4617 0
4618 0
4619 1
4620 4
4621 0
4622 0
4623 0
4624 2
4625 2
4626 3
4627 4
4628 0
4629 0
4630 0
4631 3
4632 2
4633 9
4634 0
4635 0
4636 0
4637 0
4638 8
4639 7
4640 0
4641 0
4642 0
4643 0
4644 0
4645 0
4646 4
4647 0
4648 0
4649 6
4650 0
4651 4
4652 3
4653 3
4654 0
4655 3
4656 3
4657 3
4658 3
4659 0
4660 6
4661 2
4662 0
4663 3
4664 0
4665 0
4666 0
4667 0
4668 2
4669 3
4670 6
4671 9
4672 0
4673 0
4674 0
4675 3
4676 0
4677 3
4678 0
4679 0
4680 4
4681 0
4682 0
4683 0
4684 2
4685 2
4686 4
4687 0
4688 2
4689 0
4690 2
4691 3
4692 4
4693 2
4694 2
4695 4
4696 8
4697 0
4698 10
4699 4
4700 0
4701 0
4702 0
4703 2
4704 0
4705 2
4706 0
4707 0
4708 2
4709 6
4710 0
4711 3
4712 0
4713 0
4714 0
4715 0
4716 2
4717 9
4718 0
4719 0
4720 0
4721 0
4722 0
4723 0
4724 0
4725 0
4726 0
4727 0
4728 0
4729 0
4730 0
4731 0
4732 0
4733 0
4734 0
4735 0
4736 0
4737 0
4738 0
4739 0
4740 0
4741 0
4742 0
4743 0
4744 0
4745 0
4746 0
4747 0
4748 0
4749 0
4750 0
4751 0
4752 0
4753 0
4754 0
4755 0
4756 0
4757 0
4758 0
4759 0
4760 0
4761 0
4762 0
4763 0
4764 0
4765 0
4766 0
4767 0
4768 0
4769 0
4770 0
4771 0
4772 0
4773 0
4774 0
4775 0
4776 0
4777 0
4778 0
4779 0
4780 0
4781 0
4782 0
4783 0
4784 0
4785 0
4786 0
4787 0
4788 0
4789 0
4790 0
4791 0
4792 0
4793 0
4794 0
4795 0
4796 0
4797 0
4798 0
4799 0
4800 0
4801 0
4802 0
4803 0
4804 0
4805 0
4806 0
4807 0
4808 0
4809 0
4810 0
4811 0
4812 0
4813 0
4814 0
4815 0
4816 0
4817 0
4818 0
4819 0
4820 0
4821 0
4822 0
4823 0
4824 0
4825 0
4826 0
4827 0
4828 0
4829 0
4830 0
4831 0
4832 0
4833 0
4834 0
4835 0
4836 0
4837 0
4838 0
4839 0
4840 0
4841 0
4842 0
4843 0
4844 0
4845 0
4846 0
4847 0
4848 0
4849 0
4850 0
4851 0
4852 0
4853 0
4854 0
4855 0
4856 0
4857 0
4858 0
4859 0
4860 0
4861 0
4862 0
4863 0
4864 0
4865 0
4866 0
4867 0
4868 0
4869 0
4870 0
4871 0
4872 0
4873 0
4874 0
4875 0
4876 0
4877 0
4878 0
4879 0
4880 0
4881 0
4882 0
4883 0
4884 0
4885 0
4886 0
4887 0
4888 0
4889 0
4890 0
4891 0
4892 0
4893 0
4894 0
4895 0
4896 0
4897 0
4898 0
4899 0
4900 0
4901 0
4902 0
4903 0
4904 0
4905 0
4906 0
4907 0
4908 0
4909 0
4910 0
4911 0
4912 0
4913 0
4914 0
4915 0
4916 0
4917 0
4918 0
4919 0
4920 0
4921 0
4922 0
4923 0
4924 0
4925 0
4926 0
4927 0
4928 0
4929 0
4930 0
4931 0
4932 0
4933 0
4934 0
4935 0
4936 0
4937 0
4938 0
4939 0
4940 0
4941 0
4942 0
4943 0
4944 0
4945 0
4946 0
4947 0
4948 0
4949 0
4950 0
4951 0
4952 0
4953 0
4954 0
4955 0
4956 0
4957 0
4958 0
4959 0
4960 0
4961 0
4962 0
4963 0
4964 0
4965 0
4966 0
4967 0
4968 0
4969 0
4970 0
4971 0
4972 0
4973 0
4974 0
4975 0
4976 0
4977 0
4978 0
4979 0
4980 0
4981 0
4982 0
4983 0
4984 0
4985 0
4986 0
4987 0
4988 0
4989 0
4990 0
4991 0
4992 0
4993 0
4994 0
4995 0
4996 0
4997 0
4998 0
4999 0
5000 0
5001 0
