0 42
1 19
2 26
3 21
4 2
5 15
6 4
7 14
8 11
9 3
10 10
11 10
12 8
13 15
14 19
15 4
16 16
17 18
18 8
19 9
20 9
21 6
22 14
23 8
24 9
25 13
26 14
27 13
28 11
29 11
30 9
31 7
32 10
33 10
34 1
35 8
36 10
37 3
38 10
39 12
40 3
41 11
42 21
43 8
44 2
45 12
46 2
47 26
48 11
49 19
50 18
51 6
52 3
53 8
54 11
55 3
56 11
57 15
58 15
59 15
60 17
61 2
62 8
63 13
64 12
65 0
66 7
67 12
68 17
69 11
70 9
71 16
72 16
73 14
74 15
75 16
76 9
77 5
78 14
79 11
80 9
81 12
82 6
83 7
84 2
85 5
86 14
87 7
88 22
89 5
90 12
91 14
92 4
93 13
94 11
95 7
96 7
97 15
98 11
99 18
100 5
101 5
102 7
103 3
104 9
105 17
106 27
107 20
108 14
109 6
110 17
111 7
112 8
113 17
114 7
115 5
116 4
117 17
118 5
119 6
120 20
121 15
122 19
123 6
124 8
125 9
126 11
127 15
128 4
129 8
130 8
131 11
132 6
133 10
134 7
135 9
136 13
137 8
138 9
139 7
140 6
141 13
142 12
143 7
144 18
145 2
146 10
147 0
148 20
149 15
150 16
151 10
152 11
153 11
154 5
155 9
156 13
157 10
158 8
159 5
160 9
161 8
162 9
163 17
164 16
165 25
166 7
167 7
168 8
169 10
170 10
171 9
172 10
173 0
174 7
175 7
176 13
177 5
178 8
179 11
180 6
181 12
182 10
183 9
184 7
185 3
186 9
187 15
188 2
189 5
190 10
191 2
192 2
193 8
194 20
195 9
196 21
197 18
198 11
199 12
200 6
201 6
202 10
203 11
204 9
205 13
206 0
207 5
208 6
209 17
210 3
211 8
212 11
213 10
214 11
215 6
216 11
217 9
218 3
219 12
220 9
221 2
222 11
223 20
224 8
225 14
226 17
227 6
228 15
229 26
230 22
231 15
232 6
233 15
234 13
235 11
236 18
237 12
238 21
239 12
240 17
241 16
242 10
243 12
244 9
245 11
246 11
247 13
248 8
249 10
250 21
251 5
252 16
253 18
254 22
255 13
256 9
257 18
258 15
259 10
260 3
261 8
262 10
263 14
264 6
265 9
266 5
267 6
268 7
269 16
270 8
271 17
272 7
273 20
274 11
275 6
276 0
277 9
278 8
279 16
280 12
281 7
282 9
283 8
284 12
285 12
286 14
287 14
288 14
289 4
290 12
291 18
292 13
293 9
294 10
295 4
296 12
297 5
298 20
299 14
300 11
301 15
302 16
303 8
304 20
305 13
306 5
307 7
308 13
309 8
310 14
311 9
312 6
313 8
314 14
315 19
316 14
317 8
318 15
319 16
320 19
321 18
322 20
323 6
324 15
325 5
326 11
327 19
328 9
329 11
330 8
331 9
332 10
333 15
334 15
335 10
336 10
337 15
338 12
339 28
340 16
341 21
342 15
343 8
344 14
345 13
346 12
347 9
348 4
349 4
350 10
351 12
352 24
353 15
354 7
355 5
356 9
357 17
358 18
359 8
360 15
361 6
362 14
363 5
364 14
365 10
366 10
367 16
368 10
369 17
370 18
371 10
372 14
373 4
374 10
375 11
376 14
377 12
378 8
379 11
380 7
381 14
382 5
383 4
384 6
385 9
386 7
387 14
388 10
389 8
390 24
391 8
392 2
393 12
394 13
395 6
396 10
397 10
398 13
399 13
400 9
401 23
402 9
403 14
404 6
405 10
406 15
407 10
408 13
409 9
410 8
411 14
412 4
413 23
414 13
415 10
416 9
417 5
418 8
419 8
420 24
421 10
422 15
423 9
424 21
425 12
426 19
427 21
428 1
429 21
430 3
431 9
432 18
433 13
434 13
435 9
436 11
437 12
438 20
439 31
440 11
441 9
442 7
443 18
444 16
445 11
446 14
447 11
448 18
449 10
450 16
451 12
452 14
453 11
454 39
455 17
456 26
457 13
458 19
459 22
460 31
461 22
462 25
463 22
464 21
465 34
466 19
467 16
468 17
469 31
470 26
471 26
472 27
473 10
474 20
475 24
476 18
477 27
478 25
479 19
480 27
481 35
482 19
483 25
484 21
485 12
486 19
487 29
488 27
489 15
490 21
491 18
492 31
493 13
494 43
495 26
496 19
497 19
498 27
499 17
500 18
501 11
502 21
503 14
504 19
505 21
506 26
507 32
508 35
509 15
510 26
511 10
512 10
513 23
514 35
515 21
516 32
517 12
518 22
519 7
520 19
521 6
522 6
523 12
524 14
525 15
526 8
527 14
528 7
529 16
530 8
531 8
532 0
533 9
534 12
535 7
536 10
537 5
538 21
539 7
540 8
541 17
542 18
543 17
544 10
545 9
546 7
547 2
548 22
549 18
550 4
551 8
552 24
553 40
554 15
555 27
556 13
557 9
558 10
559 9
560 4
561 12
562 14
563 13
564 12
565 9
566 21
567 13
568 27
569 19
570 1
571 11
572 20
573 8
574 8
575 6
576 5
577 20
578 11
579 12
580 14
581 16
582 2
583 4
584 6
585 20
586 16
587 12
588 13
589 12
590 16
591 22
592 13
593 4
594 14
595 14
596 21
597 11
598 19
599 10
600 14
601 6
602 5
603 5
604 0
605 18
606 13
607 8
608 3
609 6
610 12
611 10
612 15
613 13
614 19
615 10
616 3
617 23
618 13
619 6
620 13
621 17
622 23
623 26
624 18
625 5
626 14
627 3
628 5
629 8
630 11
631 22
632 14
633 15
634 10
635 17
636 13
637 6
638 5
639 10
640 21
641 16
642 12
643 12
644 16
645 6
646 13
647 11
648 16
649 18
650 18
651 7
652 7
653 12
654 23
655 12
656 6
657 14
658 20
659 11
660 6
661 14
662 11
663 18
664 19
665 16
666 14
667 29
668 20
669 23
670 10
671 13
672 24
673 13
674 10
675 17
676 10
677 11
678 19
679 20
680 13
681 15
682 20
683 21
684 11
685 15
686 12
687 7
688 7
689 16
690 15
691 14
692 18
693 14
694 17
695 18
696 16
697 14
698 6
699 28
700 12
701 9
702 22
703 14
704 10
705 21
706 19
707 9
708 13
709 5
710 11
711 16
712 7
713 5
714 9
715 10
716 25
717 24
718 25
719 13
720 19
721 17
722 23
723 12
724 29
725 10
726 16
727 5
728 15
729 22
730 14
731 12
732 20
733 9
734 6
735 15
736 7
737 9
738 18
739 8
740 18
741 18
742 10
743 23
744 8
745 8
746 15
747 12
748 15
749 7
750 9
751 9
752 13
753 12
754 13
755 14
756 24
757 9
758 15
759 6
760 9
761 21
762 10
763 15
764 19
765 19
766 17
767 18
768 9
769 11
770 16
771 20
772 14
773 19
774 17
775 20
776 4
777 27
778 11
779 19
780 9
781 5
782 14
783 4
784 25
785 11
786 7
787 14
788 6
789 11
790 19
791 18
792 8
793 15
794 10
795 11
796 23
797 7
798 16
799 6
800 18
801 10
802 12
803 13
804 25
805 10
806 17
807 14
808 13
809 21
810 7
811 11
812 19
813 7
814 11
815 17
816 14
817 2
818 9
819 1
820 10
821 17
822 10
823 14
824 9
825 9
826 17
827 8
828 10
829 17
830 7
831 24
832 0
833 15
834 6
835 10
836 11
837 18
838 24
839 14
840 10
841 28
842 8
843 13
844 6
845 11
846 22
847 9
848 20
849 20
850 7
851 15
852 15
853 8
854 13
855 18
856 18
857 16
858 10
859 18
860 13
861 15
862 15
863 20
864 14
865 11
866 8
867 16
868 23
869 17
870 18
871 8
872 9
873 14
874 8
875 6
876 17
877 11
878 7
879 4
880 7
881 13
882 9
883 13
884 10
885 9
886 24
887 11
888 8
889 15
890 14
891 10
892 13
893 6
894 23
895 8
896 13
897 20
898 9
899 11
900 16
901 8
902 13
903 11
904 19
905 4
906 7
907 9
908 8
909 9
910 14
911 8
912 10
913 14
914 17
915 15
916 20
917 12
918 16
919 6
920 17
921 13
922 15
923 15
924 12
925 13
926 14
927 10
928 13
929 14
930 9
931 20
932 12
933 11
934 6
935 8
936 15
937 8
938 11
939 29
940 7
941 10
942 15
943 23
944 15
945 22
946 6
947 12
948 9
949 9
950 12
951 19
952 20
953 19
954 24
955 23
956 25
957 16
958 22
959 11
960 12
961 14
962 13
963 13
964 7
965 16
966 6
967 8
968 10
969 15
970 22
971 20
972 15
973 19
974 9
975 14
976 21
977 14
978 5
979 12
980 19
981 10
982 16
983 15
984 9
985 8
986 11
987 16
988 9
989 9
990 6
991 16
992 10
993 7
994 11
995 6
996 10
997 17
998 17
999 5
1000 15
1001 10
1002 11
1003 18
1004 9
1005 18
1006 14
1007 25
1008 13
1009 8
1010 8
1011 6
1012 5
1013 17
1014 16
1015 10
1016 20
1017 29
1018 17
1019 21
1020 9
1021 12
1022 24
1023 15
1024 13
1025 20
1026 33
1027 22
1028 22
1029 25
1030 5
1031 17
1032 21
1033 23
1034 6
1035 11
1036 9
1037 6
1038 3
1039 5
1040 13
1041 13
1042 13
1043 6
1044 9
1045 12
1046 6
1047 6
1048 9
1049 15
1050 15
1051 13
1052 3
1053 11
1054 13
1055 10
1056 18
1057 9
1058 8
1059 17
1060 12
1061 18
1062 5
1063 21
1064 14
1065 16
1066 6
1067 24
1068 17
1069 12
1070 8
1071 8
1072 19
1073 21
1074 7
1075 14
1076 19
1077 24
1078 15
1079 22
1080 12
1081 18
1082 15
1083 12
1084 14
1085 8
1086 14
1087 11
1088 14
1089 21
1090 14
1091 9
1092 9
1093 17
1094 11
1095 8
1096 22
1097 5
1098 0
1099 6
1100 6
1101 8
1102 11
1103 19
1104 13
1105 7
1106 5
1107 8
1108 7
1109 16
1110 3
1111 11
1112 14
1113 13
1114 15
1115 15
1116 12
1117 9
1118 11
1119 1
1120 7
1121 19
1122 14
1123 8
1124 25
1125 23
1126 13
1127 23
1128 4
1129 12
1130 6
1131 16
1132 15
1133 12
1134 11
1135 6
1136 16
1137 8
1138 16
1139 15
1140 22
1141 17
1142 12
1143 10
1144 11
1145 12
1146 13
1147 12
1148 7
1149 16
1150 19
1151 14
1152 16
1153 18
1154 3
1155 23
1156 16
1157 7
1158 31
1159 3
1160 18
1161 15
1162 10
1163 17
1164 5
1165 14
1166 18
1167 14
1168 13
1169 23
1170 20
1171 13
1172 14
1173 16
1174 10
1175 4
1176 16
1177 11
1178 3
1179 15
1180 13
1181 11
1182 16
1183 9
1184 5
1185 21
1186 19
1187 7
1188 23
1189 17
1190 15
1191 11
1192 13
1193 17
1194 13
1195 21
1196 28
1197 13
1198 15
1199 5
1200 17
1201 14
1202 20
1203 7
1204 7
1205 28
1206 6
1207 14
1208 17
1209 15
1210 29
1211 19
1212 21
1213 17
1214 21
1215 30
1216 19
1217 12
1218 8
1219 7
1220 12
1221 17
1222 12
1223 10
1224 3
1225 9
1226 8
1227 19
1228 6
1229 7
1230 18
1231 18
1232 10
1233 15
1234 4
1235 16
1236 13
1237 9
1238 11
1239 20
1240 18
1241 22
1242 13
1243 26
1244 17
1245 17
1246 20
1247 21
1248 16
1249 24
1250 22
1251 28
1252 16
1253 9
1254 9
1255 11
1256 18
1257 17
1258 18
1259 11
1260 9
1261 21
1262 14
1263 10
1264 11
1265 21
1266 13
1267 21
1268 18
1269 17
1270 9
1271 13
1272 14
1273 18
1274 4
1275 17
1276 7
1277 15
1278 1
1279 8
1280 13
1281 13
1282 9
1283 8
1284 14
1285 22
1286 6
1287 7
1288 12
1289 17
1290 6
1291 10
1292 12
1293 6
1294 16
1295 19
1296 15
1297 17
1298 18
1299 9
1300 23
1301 16
1302 22
1303 13
1304 18
1305 15
1306 22
1307 14
1308 10
1309 6
1310 23
1311 14
1312 10
1313 12
1314 15
1315 9
1316 13
1317 19
1318 19
1319 17
1320 12
1321 23
1322 12
1323 22
1324 15
1325 16
1326 12
1327 12
1328 14
1329 16
1330 13
1331 16
1332 29
1333 12
1334 30
1335 24
1336 14
1337 3
1338 16
1339 18
1340 29
1341 20
1342 17
1343 21
1344 14
1345 25
1346 13
1347 13
1348 11
1349 18
1350 18
1351 18
1352 17
1353 11
1354 6
1355 20
1356 14
1357 16
1358 11
1359 7
1360 21
1361 10
1362 16
1363 21
1364 29
1365 16
1366 5
1367 15
1368 14
1369 10
1370 9
1371 7
1372 10
1373 11
1374 26
1375 19
1376 13
1377 19
1378 14
1379 16
1380 17
1381 4
1382 20
1383 12
1384 13
1385 30
1386 17
1387 10
1388 7
1389 25
1390 28
1391 8
1392 19
1393 15
1394 13
1395 8
1396 17
1397 13
1398 13
1399 17
1400 9
1401 13
1402 7
1403 15
1404 11
1405 17
1406 12
1407 26
1408 15
1409 14
1410 23
1411 14
1412 25
1413 22
1414 6
1415 10
1416 18
1417 10
1418 20
1419 11
1420 7
1421 7
1422 16
1423 22
1424 7
1425 16
1426 8
1427 22
1428 18
1429 25
1430 28
1431 9
1432 14
1433 0
1434 23
1435 5
1436 12
1437 19
1438 16
1439 15
1440 10
1441 14
1442 16
1443 10
1444 8
1445 16
1446 21
1447 11
1448 13
1449 14
1450 25
1451 14
1452 6
1453 13
1454 19
1455 30
1456 15
1457 16
1458 2
1459 12
1460 17
1461 25
1462 14
1463 19
1464 15
1465 16
1466 11
1467 7
1468 10
1469 10
1470 7
1471 21
1472 28
1473 7
1474 14
1475 14
1476 8
1477 16
1478 14
1479 11
1480 7
1481 15
1482 14
1483 8
1484 3
1485 4
1486 15
1487 7
1488 15
1489 14
1490 17
1491 23
1492 4
1493 3
1494 8
1495 11
1496 1
1497 7
1498 8
1499 7
1500 3
1501 8
1502 2
1503 8
1504 5
1505 4
1506 5
1507 5
1508 14
1509 18
1510 17
1511 11
1512 5
1513 9
1514 17
1515 15
1516 9
1517 3
1518 3
1519 7
1520 22
1521 18
1522 14
1523 1
1524 21
1525 13
1526 31
1527 11
1528 9
1529 26
1530 16
1531 27
1532 35
1533 8
1534 13
1535 6
1536 16
1537 0
1538 30
1539 7
1540 12
1541 10
1542 1
1543 19
1544 3
1545 0
1546 9
1547 3
1548 2
1549 7
1550 5
1551 5
1552 11
1553 5
1554 6
1555 10
1556 12
1557 5
1558 11
1559 8
1560 17
1561 9
1562 8
1563 20
1564 10
1565 7
1566 10
1567 14
1568 1
1569 7
1570 17
1571 8
1572 11
1573 11
1574 4
1575 22
1576 10
1577 8
1578 0
1579 8
1580 5
1581 9
1582 6
1583 6
1584 11
1585 6
1586 14
1587 8
1588 11
1589 15
1590 14
1591 11
1592 10
1593 12
1594 8
1595 6
1596 13
1597 11
1598 4
1599 9
1600 5
1601 14
1602 10
1603 20
1604 2
1605 7
1606 12
1607 10
1608 6
1609 7
1610 0
1611 9
1612 26
1613 12
1614 11
1615 15
1616 2
1617 8
1618 13
1619 4
1620 3
1621 5
1622 5
1623 10
1624 2
1625 6
1626 6
1627 0
1628 7
1629 14
1630 5
1631 6
1632 4
1633 5
1634 11
1635 6
1636 16
1637 15
1638 8
1639 13
1640 9
1641 13
1642 7
1643 0
1644 5
1645 3
1646 10
1647 6
1648 0
1649 9
1650 6
1651 3
1652 5
1653 12
1654 6
1655 13
1656 10
1657 13
1658 3
1659 12
1660 9
1661 13
1662 2
1663 8
1664 14
1665 5
1666 6
1667 6
1668 2
1669 3
1670 7
1671 8
1672 9
1673 12
1674 12
1675 1
1676 7
1677 16
1678 9
1679 0
1680 4
1681 9
1682 4
1683 8
1684 7
1685 3
1686 11
1687 8
1688 5
1689 7
1690 10
1691 16
1692 9
1693 7
1694 3
1695 9
1696 12
1697 12
1698 5
1699 1
1700 7
1701 7
1702 4
1703 7
1704 20
1705 3
1706 14
1707 3
1708 14
1709 8
1710 6
1711 15
1712 10
1713 6
1714 9
1715 7
1716 20
1717 4
1718 3
1719 6
1720 8
1721 12
1722 15
1723 12
1724 12
1725 12
1726 22
1727 10
1728 16
1729 9
1730 3
1731 9
1732 0
1733 27
1734 19
1735 9
1736 6
1737 14
1738 13
1739 1
1740 9
1741 7
1742 21
1743 14
1744 14
1745 16
1746 9
1747 10
1748 10
1749 15
1750 9
1751 15
1752 19
1753 11
1754 17
1755 7
1756 3
1757 14
1758 13
1759 5
1760 8
1761 8
1762 0
1763 8
1764 4
1765 5
1766 7
1767 24
1768 18
1769 14
1770 7
1771 13
1772 12
1773 9
1774 12
1775 9
1776 11
1777 13
1778 6
1779 8
1780 5
1781 8
1782 12
1783 8
1784 12
1785 5
1786 3
1787 7
1788 16
1789 12
1790 21
1791 20
1792 1
1793 25
1794 11
1795 9
1796 5
1797 14
1798 11
1799 6
1800 9
1801 14
1802 19
1803 17
1804 8
1805 7
1806 13
1807 11
1808 11
1809 17
1810 18
1811 17
1812 25
1813 24
1814 12
1815 19
1816 9
1817 14
1818 25
1819 20
1820 13
1821 17
1822 14
1823 12
1824 15
1825 8
1826 16
1827 14
1828 11
1829 15
1830 8
1831 25
1832 16
1833 16
1834 13
1835 10
1836 14
1837 18
1838 10
1839 7
1840 10
1841 11
1842 10
1843 19
1844 18
1845 13
1846 14
1847 15
1848 14
1849 16
1850 14
1851 5
1852 16
1853 8
1854 18
1855 31
1856 6
1857 14
1858 21
1859 13
1860 16
1861 4
1862 16
1863 5
1864 13
1865 21
1866 25
1867 18
1868 20
1869 22
1870 8
1871 26
1872 27
1873 22
1874 20
1875 23
1876 20
1877 17
1878 34
1879 14
1880 0
1881 4
1882 13
1883 4
1884 6
1885 23
1886 21
1887 12
1888 16
1889 8
1890 32
1891 10
1892 9
1893 18
1894 8
1895 14
1896 9
1897 21
1898 10
1899 18
1900 9
1901 14
1902 22
1903 10
1904 8
1905 14
1906 7
1907 9
1908 22
1909 27
1910 9
1911 9
1912 11
1913 6
1914 12
1915 13
1916 9
1917 12
1918 10
1919 11
1920 10
1921 10
1922 15
1923 14
1924 9
1925 29
1926 17
1927 11
1928 25
1929 10
1930 12
1931 12
1932 8
1933 10
1934 16
1935 14
1936 3
1937 17
1938 12
1939 17
1940 8
1941 14
1942 15
1943 2
1944 12
1945 12
1946 10
1947 14
1948 18
1949 13
1950 8
1951 22
1952 20
1953 13
1954 4
1955 8
1956 10
1957 17
1958 21
1959 12
1960 7
1961 8
1962 5
1963 3
1964 12
1965 5
1966 11
1967 14
1968 5
1969 21
1970 10
1971 1
1972 9
1973 9
1974 12
1975 16
1976 12
1977 12
1978 15
1979 15
1980 9
1981 9
1982 14
1983 21
1984 20
1985 5
1986 5
1987 11
1988 18
1989 16
1990 11
1991 15
1992 15
1993 14
1994 12
1995 17
1996 15
1997 8
1998 10
1999 13
2000 10
2001 2
2002 12
2003 7
2004 13
2005 6
2006 7
2007 22
2008 10
2009 21
2010 11
2011 10
2012 17
2013 12
2014 6
2015 15
2016 11
2017 9
2018 16
2019 8
2020 2
2021 11
2022 12
2023 21
2024 15
2025 10
2026 7
2027 12
2028 12
2029 16
2030 11
2031 15
2032 4
2033 4
2034 4
2035 16
2036 13
2037 11
2038 7
2039 6
2040 18
2041 14
2042 14
2043 18
2044 12
2045 22
2046 24
2047 24
2048 8
2049 11
2050 13
2051 17
2052 11
2053 6
2054 25
2055 21
2056 21
2057 10
2058 11
2059 26
2060 16
2061 10
2062 9
2063 20
2064 19
2065 12
2066 6
2067 18
2068 17
2069 14
2070 24
2071 11
2072 6
2073 2
2074 14
2075 8
2076 14
2077 15
2078 17
2079 22
2080 11
2081 7
2082 8
2083 23
2084 5
2085 5
2086 14
2087 9
2088 10
2089 6
2090 16
2091 13
2092 19
2093 9
2094 11
2095 11
2096 12
2097 8
2098 1
2099 2
2100 6
2101 6
2102 11
2103 10
2104 4
2105 15
2106 13
2107 17
2108 7
2109 5
2110 9
2111 13
2112 13
2113 8
2114 13
2115 8
2116 9
2117 14
2118 7
2119 24
2120 18
2121 19
2122 18
2123 22
2124 16
2125 9
2126 27
2127 20
2128 11
2129 15
2130 18
2131 17
2132 15
2133 12
2134 23
2135 26
2136 16
2137 11
2138 13
2139 8
2140 9
2141 13
2142 14
2143 20
2144 7
2145 12
2146 19
2147 9
2148 17
2149 2
2150 10
2151 8
2152 21
2153 16
2154 17
2155 9
2156 7
2157 22
2158 22
2159 11
2160 12
2161 15
2162 15
2163 12
2164 20
2165 9
2166 16
2167 5
2168 22
2169 7
2170 16
2171 10
2172 11
2173 6
2174 9
2175 15
2176 18
2177 10
2178 9
2179 14
2180 9
2181 13
2182 14
2183 15
2184 14
2185 21
2186 28
2187 14
2188 29
2189 25
2190 14
2191 0
2192 9
2193 13
2194 14
2195 21
2196 30
2197 16
2198 10
2199 16
2200 19
2201 22
2202 20
2203 15
2204 20
2205 19
2206 19
2207 12
2208 19
2209 22
2210 15
2211 14
2212 26
2213 10
2214 12
2215 4
2216 12
2217 7
2218 13
2219 15
2220 14
2221 13
2222 23
2223 23
2224 13
2225 17
2226 18
2227 17
2228 20
2229 20
2230 10
2231 19
2232 20
2233 25
2234 21
2235 11
2236 12
2237 9
2238 14
2239 14
2240 16
2241 14
2242 14
2243 15
2244 19
2245 13
2246 15
2247 27
2248 20
2249 6
2250 9
2251 12
2252 11
2253 16
2254 19
2255 13
2256 5
2257 14
2258 11
2259 8
2260 6
2261 13
2262 17
2263 9
2264 14
2265 14
2266 3
2267 12
2268 18
2269 9
2270 9
2271 10
2272 9
2273 8
2274 14
2275 5
2276 12
2277 10
2278 14
2279 21
2280 11
2281 13
2282 8
2283 20
2284 16
2285 5
2286 7
2287 13
2288 4
2289 13
2290 20
2291 6
2292 19
2293 14
2294 20
2295 23
2296 10
2297 13
2298 21
2299 15
2300 9
2301 19
2302 38
2303 9
2304 13
2305 16
2306 15
2307 18
2308 8
2309 19
2310 17
2311 14
2312 6
2313 7
2314 11
2315 9
2316 17
2317 20
2318 5
2319 13
2320 7
2321 12
2322 12
2323 11
2324 11
2325 12
2326 12
2327 8
2328 10
2329 12
2330 24
2331 3
2332 11
2333 6
2334 5
2335 13
2336 6
2337 5
2338 20
2339 14
2340 20
2341 14
2342 9
2343 15
2344 6
2345 17
2346 13
2347 18
2348 18
2349 12
2350 13
2351 13
2352 8
2353 14
2354 9
2355 13
2356 16
2357 25
2358 17
2359 31
2360 21
2361 9
2362 21
2363 15
2364 7
2365 28
2366 10
2367 16
2368 18
2369 12
2370 11
2371 12
2372 16
2373 8
2374 4
2375 7
2376 9
2377 28
2378 16
2379 9
2380 7
2381 10
2382 18
2383 8
2384 13
2385 12
2386 14
2387 18
2388 9
2389 6
2390 11
2391 6
2392 9
2393 19
2394 3
2395 10
2396 19
2397 6
2398 13
2399 17
2400 14
2401 19
2402 10
2403 18
2404 21
2405 14
2406 16
2407 7
2408 5
2409 17
2410 12
2411 14
2412 21
2413 21
2414 14
2415 24
2416 9
2417 10
2418 19
2419 24
2420 4
2421 13
2422 17
2423 3
2424 20
2425 19
2426 28
2427 10
2428 12
2429 10
2430 27
2431 12
2432 13
2433 14
2434 7
2435 22
2436 14
2437 7
2438 8
2439 9
2440 5
2441 27
2442 9
2443 22
2444 13
2445 8
2446 24
2447 18
2448 12
2449 7
2450 6
2451 14
2452 19
2453 14
2454 23
2455 14
2456 27
2457 21
2458 10
2459 17
2460 9
2461 17
2462 16
2463 12
2464 29
2465 13
2466 9
2467 14
2468 16
2469 10
2470 8
2471 8
2472 19
2473 10
2474 12
2475 5
2476 21
2477 19
2478 13
2479 13
2480 27
2481 22
2482 4
2483 18
2484 10
2485 10
2486 18
2487 13
2488 19
2489 13
2490 16
2491 15
2492 16
2493 13
2494 17
2495 17
2496 11
2497 13
2498 13
2499 10
2500 16
2501 11
2502 10
2503 20
2504 17
2505 18
2506 21
2507 17
2508 19
2509 6
2510 8
2511 6
2512 11
2513 5
2514 5
2515 14
2516 20
2517 13
2518 2
2519 9
2520 7
2521 12
2522 8
2523 24
2524 18
2525 20
2526 9
2527 18
2528 11
2529 11
2530 13
2531 11
2532 14
2533 21
2534 7
2535 34
2536 19
2537 18
2538 11
2539 5
2540 25
2541 15
2542 15
2543 18
2544 20
2545 7
2546 12
2547 9
2548 4
2549 17
2550 10
2551 13
2552 7
2553 21
2554 19
2555 23
2556 19
2557 16
2558 20
2559 12
2560 12
2561 15
2562 7
2563 13
2564 16
2565 6
2566 10
2567 20
2568 7
2569 14
2570 22
2571 16
2572 13
2573 13
2574 20
2575 11
2576 10
2577 15
2578 6
2579 11
2580 8
2581 32
2582 15
2583 7
2584 7
2585 19
2586 8
2587 21
2588 3
2589 10
2590 21
2591 20
2592 5
2593 10
2594 17
2595 15
2596 8
2597 12
2598 3
2599 13
2600 13
2601 11
2602 4
2603 17
2604 11
2605 25
2606 5
2607 13
2608 25
2609 9
2610 3
2611 22
2612 26
2613 14
2614 8
2615 17
2616 9
2617 26
2618 9
2619 12
2620 14
2621 30
2622 3
2623 13
2624 6
2625 3
2626 19
2627 11
2628 17
2629 4
2630 15
2631 12
2632 8
2633 18
2634 22
2635 33
2636 24
2637 25
2638 24
2639 17
2640 21
2641 20
2642 8
2643 8
2644 25
2645 11
2646 16
2647 21
2648 17
2649 9
2650 10
2651 20
2652 20
2653 22
2654 8
2655 18
2656 14
2657 22
2658 8
2659 17
2660 24
2661 14
2662 22
2663 16
2664 15
2665 11
2666 13
2667 15
2668 22
2669 12
2670 24
2671 12
2672 8
2673 24
2674 7
2675 25
2676 12
2677 6
2678 15
2679 7
2680 7
2681 12
2682 6
2683 15
2684 25
2685 13
2686 14
2687 9
2688 15
2689 9
2690 15
2691 8
2692 8
2693 4
2694 9
2695 13
2696 17
2697 13
2698 18
2699 24
2700 19
2701 21
2702 5
2703 12
2704 0
2705 9
2706 21
2707 22
2708 15
2709 16
2710 3
2711 23
2712 15
2713 10
2714 22
2715 14
2716 9
2717 10
2718 23
2719 9
2720 12
2721 9
2722 21
2723 25
2724 17
2725 18
2726 13
2727 16
2728 16
2729 8
2730 19
2731 14
2732 12
2733 14
2734 7
2735 11
2736 24
2737 14
2738 7
2739 3
2740 13
2741 17
2742 21
2743 9
2744 15
2745 9
2746 12
2747 24
2748 23
2749 13
2750 15
2751 13
2752 7
2753 13
2754 12
2755 12
2756 3
2757 16
2758 24
2759 7
2760 16
2761 19
2762 23
2763 11
2764 11
2765 12
2766 23
2767 36
2768 25
2769 14
2770 21
2771 27
2772 16
2773 8
2774 12
2775 16
2776 24
2777 24
2778 11
2779 11
2780 25
2781 19
2782 22
2783 14
2784 24
2785 9
2786 14
2787 18
2788 22
2789 8
2790 14
2791 11
2792 28
2793 6
2794 12
2795 15
2796 20
2797 27
2798 13
2799 15
2800 16
2801 21
2802 6
2803 24
2804 17
2805 21
2806 17
2807 22
2808 12
2809 20
2810 13
2811 3
2812 9
2813 8
2814 18
2815 11
2816 4
2817 12
2818 15
2819 18
2820 35
2821 17
2822 16
2823 15
2824 19
2825 9
2826 13
2827 19
2828 30
2829 23
2830 5
2831 7
2832 23
2833 7
2834 21
2835 16
2836 18
2837 23
2838 14
2839 19
2840 28
2841 26
2842 13
2843 3
2844 7
2845 15
2846 28
2847 18
2848 5
2849 19
2850 21
2851 6
2852 18
2853 15
2854 12
2855 10
2856 24
2857 13
2858 19
2859 18
2860 26
2861 10
2862 33
2863 12
2864 21
2865 14
2866 20
2867 8
2868 17
2869 13
2870 12
2871 9
2872 4
2873 18
2874 11
2875 18
2876 19
2877 21
2878 9
2879 13
2880 9
2881 11
2882 22
2883 9
2884 18
2885 21
2886 21
2887 17
2888 11
2889 15
2890 12
2891 12
2892 2
2893 26
2894 7
2895 14
2896 31
2897 22
2898 22
2899 31
2900 10
2901 5
2902 19
2903 30
2904 18
2905 24
2906 25
2907 16
2908 9
2909 7
2910 13
2911 8
2912 5
2913 19
2914 16
2915 18
2916 5
2917 6
2918 16
2919 11
2920 9
2921 5
2922 6
2923 12
2924 17
2925 10
2926 8
2927 14
2928 19
2929 15
2930 3
2931 12
2932 20
2933 10
2934 18
2935 26
2936 18
2937 19
2938 14
2939 19
2940 9
2941 14
2942 19
2943 10
2944 27
2945 11
2946 18
2947 10
2948 20
2949 14
2950 22
2951 9
2952 17
2953 12
2954 10
2955 18
2956 9
2957 11
2958 12
2959 10
2960 6
2961 6
2962 11
2963 14
2964 20
2965 8
2966 9
2967 9
2968 24
2969 14
2970 21
2971 20
2972 33
2973 16
2974 7
2975 16
2976 19
2977 26
2978 23
2979 13
2980 14
2981 25
2982 13
2983 22
2984 15
2985 8
2986 6
2987 15
2988 7
2989 13
2990 8
2991 15
2992 13
2993 6
2994 20
2995 4
2996 11
2997 21
2998 10
2999 15
3000 12
3001 11
3002 8
3003 18
3004 6
3005 11
3006 25
3007 27
3008 12
3009 10
3010 18
3011 14
3012 8
3013 17
3014 11
3015 8
3016 19
3017 12
3018 15
3019 9
3020 9
3021 19
3022 28
3023 18
3024 15
3025 34
3026 19
3027 8
3028 12
3029 21
3030 18
3031 21
3032 15
3033 24
3034 19
3035 22
3036 11
3037 13
3038 6
3039 22
3040 21
3041 10
3042 32
3043 13
3044 21
3045 6
3046 11
3047 26
3048 12
3049 18
3050 4
3051 3
3052 16
3053 19
3054 14
3055 8
3056 11
3057 15
3058 15
3059 5
3060 18
3061 8
3062 11
3063 16
3064 39
3065 16
3066 19
3067 6
3068 13
3069 13
3070 21
3071 25
3072 9
3073 9
3074 24
3075 11
3076 13
3077 10
3078 18
3079 12
3080 19
3081 13
3082 3
3083 8
3084 18
3085 17
3086 13
3087 15
3088 16
3089 21
3090 8
3091 9
3092 19
3093 6
3094 17
3095 10
3096 8
3097 5
3098 22
3099 9
3100 20
3101 24
3102 11
3103 17
3104 12
3105 25
3106 27
3107 23
3108 22
3109 22
3110 14
3111 7
3112 21
3113 11
3114 18
3115 19
3116 17
3117 16
3118 9
3119 11
3120 10
3121 6
3122 10
3123 6
3124 18
3125 5
3126 15
3127 13
3128 13
3129 18
3130 9
3131 18
3132 12
3133 23
3134 30
3135 30
3136 20
3137 15
3138 14
3139 10
3140 25
3141 5
3142 18
3143 14
3144 15
3145 17
3146 10
3147 16
3148 6
3149 7
3150 15
3151 14
3152 18
3153 21
3154 12
3155 26
3156 16
3157 17
3158 8
3159 13
3160 26
3161 3
3162 8
3163 9
3164 12
3165 20
3166 10
3167 10
3168 15
3169 14
3170 9
3171 21
3172 10
3173 7
3174 16
3175 16
3176 24
3177 22
3178 24
3179 10
3180 5
3181 14
3182 24
3183 16
3184 17
3185 7
3186 15
3187 12
3188 17
3189 8
3190 23
3191 9
3192 10
3193 8
3194 16
3195 8
3196 22
3197 24
3198 6
3199 11
3200 10
3201 29
3202 13
3203 11
3204 30
3205 24
3206 18
3207 26
3208 17
3209 32
3210 30
3211 25
3212 15
3213 9
3214 16
3215 6
3216 11
3217 14
3218 4
3219 14
3220 19
3221 19
3222 36
3223 14
3224 21
3225 12
3226 5
3227 11
3228 17
3229 22
3230 18
3231 19
3232 13
3233 10
3234 21
3235 17
3236 24
3237 17
3238 18
3239 15
3240 12
3241 4
3242 10
3243 18
3244 16
3245 14
3246 5
3247 15
3248 28
3249 14
3250 14
3251 17
3252 16
3253 10
3254 16
3255 9
3256 6
3257 10
3258 17
3259 19
3260 15
3261 23
3262 10
3263 38
3264 7
3265 28
3266 13
3267 26
3268 16
3269 13
3270 20
3271 22
3272 14
3273 12
3274 14
3275 16
3276 14
3277 14
3278 10
3279 14
3280 12
3281 16
3282 12
3283 22
3284 26
3285 20
3286 22
3287 17
3288 25
3289 28
3290 6
3291 23
3292 36
3293 16
3294 13
3295 14
3296 17
3297 14
3298 16
3299 26
3300 15
3301 28
3302 13
3303 24
3304 28
3305 25
3306 29
3307 22
3308 12
3309 19
3310 28
3311 21
3312 14
3313 12
3314 14
3315 19
3316 20
3317 16
3318 14
3319 11
3320 34
3321 20
3322 26
3323 18
3324 28
3325 17
3326 15
3327 20
3328 11
3329 15
3330 22
3331 15
3332 11
3333 11
3334 8
3335 14
3336 8
3337 18
3338 13
3339 20
3340 21
3341 31
3342 17
3343 16
3344 16
3345 17
3346 27
3347 17
3348 19
3349 11
3350 10
3351 25
3352 17
3353 21
3354 12
3355 25
3356 21
3357 25
3358 5
3359 12
3360 11
3361 10
3362 27
3363 11
3364 21
3365 18
3366 10
3367 16
3368 26
3369 31
3370 19
3371 16
3372 12
3373 12
3374 12
3375 19
3376 20
3377 15
3378 11
3379 21
3380 20
3381 14
3382 17
3383 19
3384 14
3385 13
3386 12
3387 14
3388 7
3389 29
3390 11
3391 14
3392 15
3393 7
3394 16
3395 12
3396 20
3397 14
3398 15
3399 17
3400 12
3401 19
3402 8
3403 8
3404 16
3405 12
3406 16
3407 12
3408 5
3409 16
3410 12
3411 12
3412 3
3413 18
3414 16
3415 17
3416 8
3417 18
3418 21
3419 13
3420 15
3421 15
3422 10
3423 7
3424 15
3425 13
3426 13
3427 15
3428 4
3429 7
3430 22
3431 9
3432 26
3433 13
3434 16
3435 11
3436 4
3437 34
3438 9
3439 12
3440 20
3441 5
3442 11
3443 12
3444 17
3445 16
3446 18
3447 21
3448 13
3449 7
3450 14
3451 5
3452 16
3453 20
3454 19
3455 13
3456 7
3457 17
3458 10
3459 10
3460 4
3461 18
3462 18
3463 2
3464 14
3465 5
3466 19
3467 12
3468 18
3469 8
3470 9
3471 8
3472 9
3473 13
3474 6
3475 24
3476 17
3477 18
3478 9
3479 8
3480 26
3481 24
3482 7
3483 14
3484 10
3485 4
3486 30
3487 17
3488 7
3489 8
3490 16
3491 20
3492 11
3493 17
3494 11
3495 23
3496 15
3497 29
3498 13
3499 13
3500 7
3501 11
3502 20
3503 11
3504 14
3505 19
3506 12
3507 6
3508 16
3509 17
3510 9
3511 7
3512 21
3513 16
3514 13
3515 17
3516 12
3517 16
3518 14
3519 13
3520 20
3521 20
3522 12
3523 8
3524 8
3525 10
3526 16
3527 19
3528 21
3529 21
3530 14
3531 18
3532 18
3533 21
3534 12
3535 10
3536 22
3537 12
3538 15
3539 13
3540 24
3541 10
3542 10
3543 9
3544 18
3545 19
3546 10
3547 20
3548 6
3549 19
3550 20
3551 11
3552 17
3553 21
3554 16
3555 15
3556 14
3557 5
3558 15
3559 7
3560 10
3561 3
3562 17
3563 14
3564 12
3565 4
3566 16
3567 17
3568 14
3569 16
3570 16
3571 10
3572 18
3573 2
3574 19
3575 9
3576 20
3577 18
3578 33
3579 16
3580 15
3581 7
3582 13
3583 14
3584 23
3585 10
3586 5
3587 10
3588 13
3589 12
3590 11
3591 12
3592 14
3593 13
3594 14
3595 8
3596 10
3597 6
3598 14
3599 36
3600 12
3601 18
3602 8
3603 12
3604 8
3605 13
3606 15
3607 45
3608 11
3609 11
3610 11
3611 22
3612 18
3613 13
3614 8
3615 4
3616 18
3617 18
3618 6
3619 12
3620 23
3621 17
3622 30
3623 13
3624 10
3625 13
3626 6
3627 13
3628 2
3629 12
3630 6
3631 15
3632 12
3633 23
3634 25
3635 25
3636 10
3637 11
3638 18
3639 23
3640 11
3641 8
3642 22
3643 16
3644 13
3645 5
3646 18
3647 17
3648 21
3649 25
3650 13
3651 11
3652 11
3653 7
3654 15
3655 7
3656 20
3657 11
3658 17
3659 17
3660 10
3661 9
3662 16
3663 42
3664 16
3665 19
3666 21
3667 23
3668 25
3669 17
3670 21
3671 16
3672 10
3673 23
3674 12
3675 17
3676 9
3677 4
3678 20
3679 24
3680 11
3681 2
3682 25
3683 2
3684 12
3685 12
3686 23
3687 11
3688 9
3689 12
3690 19
3691 10
3692 19
3693 25
3694 16
3695 22
3696 25
3697 24
3698 15
3699 16
3700 14
3701 17
3702 12
3703 13
3704 15
3705 19
3706 12
3707 15
3708 20
3709 18
3710 16
3711 24
3712 27
3713 17
3714 18
3715 10
3716 13
3717 16
3718 16
3719 17
3720 22
3721 18
3722 20
3723 19
3724 25
3725 16
3726 21
3727 18
3728 12
3729 13
3730 14
3731 20
3732 18
3733 21
3734 19
3735 18
3736 14
3737 14
3738 19
3739 19
3740 5
3741 9
3742 10
3743 10
3744 17
3745 10
3746 10
3747 9
3748 11
3749 11
3750 11
3751 16
3752 30
3753 12
3754 3
3755 17
3756 5
3757 27
3758 9
3759 5
3760 20
3761 34
3762 8
3763 14
3764 11
3765 6
3766 20
3767 10
3768 17
3769 11
3770 8
3771 21
3772 11
3773 14
3774 26
3775 28
3776 16
3777 24
3778 2
3779 21
3780 11
3781 12
3782 15
3783 21
3784 11
3785 6
3786 16
3787 14
3788 19
3789 24
3790 17
3791 13
3792 11
3793 11
3794 12
3795 19
3796 14
3797 11
3798 23
3799 6
3800 12
3801 16
3802 7
3803 18
3804 4
3805 14
3806 12
3807 15
3808 19
3809 17
3810 17
3811 23
3812 19
3813 8
3814 17
3815 19
3816 13
3817 15
3818 22
3819 17
3820 19
3821 6
3822 8
3823 3
3824 5
3825 22
3826 9
3827 12
3828 10
3829 15
3830 9
3831 16
3832 13
3833 7
3834 14
3835 11
3836 12
3837 18
3838 5
3839 13
3840 10
3841 12
3842 5
3843 22
3844 17
3845 15
3846 10
3847 10
3848 12
3849 16
3850 18
3851 6
3852 13
3853 8
3854 4
3855 10
3856 10
3857 5
3858 8
3859 10
3860 14
3861 13
3862 9
3863 25
3864 23
3865 8
3866 15
3867 5
3868 16
3869 9
3870 33
3871 5
3872 18
3873 10
3874 7
3875 14
3876 4
3877 12
3878 7
3879 7
3880 14
3881 8
3882 25
3883 12
3884 14
3885 5
3886 3
3887 12
3888 9
3889 13
3890 14
3891 12
3892 14
3893 10
3894 21
3895 3
3896 21
3897 3
3898 19
3899 7
3900 4
3901 13
3902 22
3903 19
3904 8
3905 23
3906 12
3907 18
3908 21
3909 8
3910 19
3911 10
3912 13
3913 14
3914 22
3915 10
3916 5
3917 11
3918 9
3919 5
3920 10
3921 10
3922 11
3923 14
3924 27
3925 11
3926 13
3927 20
3928 13
3929 3
3930 19
3931 11
3932 15
3933 9
3934 1
3935 21
3936 10
3937 9
3938 5
3939 4
3940 16
3941 24
3942 13
3943 12
3944 2
3945 9
3946 2
3947 10
3948 11
3949 5
3950 11
3951 11
3952 17
3953 13
3954 9
3955 14
3956 13
3957 8
3958 12
3959 6
3960 9
3961 11
3962 7
3963 5
3964 5
3965 15
3966 7
3967 18
3968 23
3969 14
3970 9
3971 8
3972 7
3973 25
3974 18
3975 5
3976 7
3977 5
3978 18
3979 10
3980 9
3981 5
3982 14
3983 12
3984 20
3985 4
3986 6
3987 17
3988 5
3989 7
3990 13
3991 6
3992 14
3993 5
3994 7
3995 18
3996 18
3997 9
3998 20
3999 12
4000 13
4001 15
4002 3
4003 9
4004 15
4005 13
4006 5
4007 11
4008 14
4009 6
4010 13
4011 19
4012 17
4013 7
4014 13
4015 12
4016 9
4017 25
4018 12
4019 10
4020 12
4021 14
4022 4
4023 3
4024 5
4025 17
4026 11
4027 6
4028 12
4029 29
4030 16
4031 8
4032 6
4033 21
4034 25
4035 7
4036 7
4037 16
4038 14
4039 15
4040 5
4041 25
4042 14
4043 5
4044 11
4045 16
4046 18
4047 12
4048 12
4049 10
4050 13
4051 18
4052 16
4053 20
4054 27
4055 18
4056 16
4057 14
4058 14
4059 13
4060 16
4061 13
4062 21
4063 13
4064 10
4065 12
4066 14
4067 7
4068 19
4069 11
4070 13
4071 3
4072 22
4073 16
4074 13
4075 15
4076 5
4077 12
4078 8
4079 11
4080 3
4081 9
4082 6
4083 16
4084 2
4085 17
4086 10
4087 19
4088 15
4089 14
4090 8
4091 5
4092 12
4093 9
4094 10
4095 16
4096 5
4097 16
4098 7
4099 8
4100 6
4101 3
4102 20
4103 11
4104 8
4105 9
4106 3
4107 5
4108 11
4109 6
4110 12
4111 12
4112 21
4113 6
4114 10
4115 8
4116 12
4117 5
4118 12
4119 3
4120 11
4121 6
4122 8
4123 24
4124 7
4125 13
4126 16
4127 13
4128 16
4129 6
4130 6
4131 12
4132 7
4133 14
4134 7
4135 11
4136 8
4137 4
4138 13
4139 8
4140 2
4141 8
4142 5
4143 20
4144 11
4145 11
4146 21
4147 12
4148 8
4149 18
4150 15
4151 5
4152 11
4153 4
4154 9
4155 5
4156 15
4157 17
4158 12
4159 14
4160 11
4161 11
4162 15
4163 6
4164 9
4165 21
4166 8
4167 9
4168 7
4169 14
4170 3
4171 8
4172 16
4173 4
4174 18
4175 15
4176 3
4177 2
4178 13
4179 23
4180 14
4181 11
4182 3
4183 23
4184 18
4185 14
4186 12
4187 10
4188 13
4189 13
4190 6
4191 6
4192 21
4193 12
4194 2
4195 14
4196 28
4197 11
4198 18
4199 12
4200 8
4201 3
4202 6
4203 16
4204 11
4205 11
4206 12
4207 11
4208 15
4209 9
4210 21
4211 9
4212 5
4213 11
4214 10
4215 15
4216 5
4217 18
4218 15
4219 13
4220 10
4221 14
4222 10
4223 7
4224 11
4225 14
4226 21
4227 12
4228 8
4229 13
4230 17
4231 13
4232 3
4233 15
4234 6
4235 4
4236 19
4237 13
4238 17
4239 15
4240 7
4241 7
4242 5
4243 8
4244 9
4245 19
4246 9
4247 13
4248 3
4249 7
4250 10
4251 11
4252 10
4253 2
4254 13
4255 12
4256 17
4257 13
4258 9
4259 10
4260 12
4261 20
4262 18
4263 20
4264 13
4265 37
4266 30
4267 20
4268 11
4269 22
4270 28
4271 30
4272 17
4273 22
4274 20
4275 9
4276 17
4277 7
4278 24
4279 14
4280 13
4281 29
4282 17
4283 14
4284 31
4285 3
4286 12
4287 8
4288 6
4289 5
4290 7
4291 7
4292 9
4293 19
4294 13
4295 8
4296 13
4297 13
4298 11
4299 10
4300 9
4301 9
4302 11
4303 15
4304 10
4305 11
4306 12
4307 6
4308 6
4309 14
4310 7
4311 7
4312 16
4313 8
4314 16
4315 17
4316 11
4317 11
4318 10
4319 6
4320 8
4321 8
4322 7
4323 20
4324 16
4325 6
4326 10
4327 8
4328 4
4329 6
4330 21
4331 6
4332 8
4333 11
4334 17
4335 16
4336 9
4337 7
4338 13
4339 5
4340 7
4341 13
4342 21
4343 6
4344 6
4345 6
4346 17
4347 16
4348 19
4349 3
4350 20
4351 15
4352 6
4353 14
4354 12
4355 15
4356 4
4357 13
4358 16
4359 12
4360 11
4361 11
4362 17
4363 14
4364 7
4365 18
4366 21
4367 20
4368 13
4369 18
4370 17
4371 9
4372 19
4373 17
4374 14
4375 7
4376 18
4377 11
4378 13
4379 15
4380 15
4381 18
4382 13
4383 17
4384 10
4385 31
4386 10
4387 8
4388 10
4389 12
4390 19
4391 15
4392 19
4393 10
4394 12
4395 14
4396 20
4397 23
4398 7
4399 13
4400 18
4401 6
4402 15
4403 18
4404 21
4405 6
4406 12
4407 17
4408 9
4409 8
4410 20
4411 17
4412 3
4413 4
4414 17
4415 9
4416 19
4417 17
4418 12
4419 13
4420 21
4421 14
4422 15
4423 19
4424 9
4425 15
4426 14
4427 11
4428 10
4429 17
4430 10
4431 12
4432 3
4433 17
4434 14
4435 8
4436 17
4437 5
4438 12
4439 13
4440 10
4441 11
4442 14
4443 20
4444 7
4445 7
4446 7
4447 5
4448 13
4449 8
4450 25
4451 10
4452 2
4453 13
4454 8
4455 22
4456 22
4457 8
4458 14
4459 16
4460 13
4461 11
4462 7
4463 4
4464 8
4465 20
4466 8
4467 2
4468 8
4469 8
4470 24
4471 15
4472 28
4473 11
4474 24
4475 19
4476 17
4477 13
4478 3
4479 13
4480 8
4481 14
4482 10
4483 8
4484 17
4485 13
4486 15
4487 19
4488 14
4489 16
4490 7
4491 15
4492 14
4493 10
4494 3
4495 15
4496 13
4497 27
4498 8
4499 2
4500 2
4501 8
4502 11
4503 13
4504 15
4505 15
4506 6
4507 8
4508 20
4509 23
4510 7
4511 17
4512 18
4513 15
4514 15
4515 13
4516 9
4517 2
4518 16
4519 4
4520 7
4521 7
4522 12
4523 22
4524 28
4525 15
4526 22
4527 21
4528 13
4529 15
4530 14
4531 13
4532 4
4533 10
4534 20
4535 15
4536 12
4537 17
4538 8
4539 16
4540 21
4541 14
4542 19
4543 18
4544 17
4545 13
4546 6
4547 13
4548 16
4549 3
4550 14
4551 13
4552 13
4553 17
4554 18
4555 22
4556 17
4557 23
4558 14
4559 8
4560 12
4561 14
4562 13
4563 15
4564 18
4565 17
4566 4
4567 10
4568 6
4569 15
4570 16
4571 13
4572 27
4573 11
4574 24
4575 15
4576 17
4577 9
4578 8
4579 12
4580 12
4581 14
4582 7
4583 17
4584 20
4585 16
4586 18
4587 23
4588 13
4589 9
4590 3
4591 7
4592 11
4593 20
4594 11
4595 17
4596 14
4597 7
4598 17
4599 14
4600 29
4601 14
4602 11
4603 18
4604 7
4605 10
4606 8
4607 16
4608 13
4609 19
4610 12
4611 12
4612 33
4613 15
4614 20
4615 11
4616 22
4617 10
4618 10
4619 33
4620 15
4621 13
4622 25
4623 10
4624 12
4625 24
4626 14
4627 15
4628 9
4629 9
4630 1
4631 8
4632 11
4633 20
4634 12
4635 20
4636 18
4637 10
4638 10
4639 17
4640 16
4641 8
4642 14
4643 17
4644 16
4645 21
4646 9
4647 24
4648 5
4649 3
4650 17
4651 21
4652 19
4653 12
4654 11
4655 10
4656 15
4657 28
4658 9
4659 18
4660 8
4661 14
4662 19
4663 2
4664 4
4665 22
4666 10
4667 18
4668 9
4669 19
4670 16
4671 16
4672 10
4673 16
4674 5
4675 18
4676 18
4677 10
4678 9
4679 6
4680 23
4681 11
4682 12
4683 22
4684 10
4685 4
4686 7
4687 10
4688 9
4689 7
4690 23
4691 11
4692 10
4693 12
4694 16
4695 4
4696 7
4697 11
4698 15
4699 13
4700 10
4701 17
4702 25
4703 19
4704 22
4705 21
4706 5
4707 26
4708 27
4709 4
4710 14
4711 19
4712 21
4713 4
4714 5
4715 16
4716 9
4717 7
4718 8
4719 7
4720 11
4721 18
4722 21
4723 16
4724 27
4725 6
4726 4
4727 18
4728 15
4729 11
4730 3
4731 6
4732 16
4733 11
4734 16
4735 8
4736 4
4737 6
4738 12
4739 22
4740 20
4741 19
4742 12
4743 10
4744 18
4745 8
4746 16
4747 10
4748 29
4749 9
4750 10
4751 10
4752 21
4753 11
4754 15
4755 12
4756 18
4757 11
4758 9
4759 7
4760 16
4761 28
4762 18
4763 15
4764 7
4765 20
4766 20
4767 16
4768 11
4769 12
4770 5
4771 3
4772 8
4773 5
4774 8
4775 13
4776 15
4777 9
4778 6
4779 17
4780 9
4781 13
4782 8
4783 6
4784 15
4785 14
4786 5
4787 5
4788 9
4789 6
4790 11
4791 7
4792 10
4793 14
4794 17
4795 22
4796 16
4797 16
4798 10
4799 13
4800 9
4801 16
4802 13
4803 15
4804 9
4805 9
4806 23
4807 7
4808 12
4809 12
4810 6
4811 16
4812 14
4813 16
4814 7
4815 12
4816 18
4817 14
4818 17
4819 5
4820 25
4821 15
4822 20
4823 16
4824 17
4825 15
4826 24
4827 15
4828 15
4829 15
4830 15
4831 7
4832 22
4833 12
4834 13
4835 14
4836 13
4837 26
4838 11
4839 23
4840 15
4841 20
4842 20
4843 15
4844 23
4845 11
4846 22
4847 19
4848 28
4849 22
4850 9
4851 17
4852 8
4853 20
4854 17
4855 11
4856 7
4857 22
4858 12
4859 7
4860 12
4861 19
4862 26
4863 10
4864 14
4865 13
4866 24
4867 13
4868 18
4869 28
4870 22
4871 20
4872 6
4873 11
4874 20
4875 20
4876 13
4877 16
4878 13
4879 22
4880 22
4881 16
4882 14
4883 9
4884 19
4885 16
4886 24
4887 14
4888 15
4889 11
4890 5
4891 17
4892 28
4893 8
4894 18
4895 27
4896 16
4897 20
4898 16
4899 9
4900 6
4901 11
4902 7
4903 23
4904 15
4905 5
4906 12
4907 24
4908 25
4909 16
4910 11
4911 13
4912 20
4913 16
4914 11
4915 24
4916 12
4917 10
4918 19
4919 30
4920 31
4921 8
4922 10
4923 19
4924 27
4925 18
4926 17
4927 14
4928 9
4929 26
4930 15
4931 11
4932 4
4933 18
4934 28
4935 16
4936 24
4937 17
4938 26
4939 15
4940 22
4941 17
4942 21
4943 18
4944 19
4945 16
4946 14
4947 20
4948 13
4949 22
4950 25
4951 15
4952 14
4953 20
4954 9
4955 29
4956 26
4957 17
4958 11
4959 11
4960 16
4961 12
4962 14
4963 15
4964 15
4965 19
4966 9
4967 15
4968 25
4969 14
4970 13
4971 23
4972 15
4973 13
4974 12
4975 6
4976 9
4977 14
4978 17
4979 24
4980 12
4981 12
4982 1
4983 15
4984 7
4985 9
4986 16
4987 18
4988 23
4989 17
4990 17
4991 13
4992 13
4993 9
4994 13
4995 6
4996 14
4997 18
4998 14
4999 11
5000 17
5001 15
