0 24
1 9
2 9
3 13
4 21
5 16
6 25
7 15
8 9
9 13
10 5
11 24
12 14
13 10
14 17
15 17
16 26
17 22
18 13
19 18
20 13
21 19
22 14
23 29
24 11
25 6
26 12
27 21
28 12
29 12
30 15
31 19
32 12
33 9
34 27
35 9
36 19
37 9
38 14
39 12
40 10
41 16
42 23
43 16
44 18
45 14
46 16
47 27
48 23
49 9
50 16
51 23
52 39
53 21
54 14
55 14
56 10
57 15
58 19
59 17
60 23
61 20
62 24
63 11
64 8
65 32
66 21
67 16
68 20
69 11
70 14
71 19
72 16
73 24
74 13
75 20
76 27
77 13
78 32
79 19
80 10
81 27
82 22
83 19
84 21
85 30
86 20
87 15
88 28
89 29
90 17
91 15
92 6
93 18
94 23
95 19
96 22
97 15
98 25
99 8
100 18
101 9
102 12
103 8
104 0
105 23
106 13
107 22
108 27
109 18
110 25
111 28
112 18
113 22
114 10
115 16
116 17
117 15
118 14
119 23
120 9
121 15
122 29
123 17
124 13
125 27
126 24
127 19
128 12
129 18
130 18
131 36
132 22
133 30
134 15
135 24
136 30
137 14
138 17
139 23
140 17
141 10
142 15
143 11
144 11
145 14
146 23
147 26
148 13
149 11
150 3
151 20
152 9
153 19
154 10
155 23
156 13
157 20
158 10
159 7
160 15
161 19
162 18
163 17
164 17
165 12
166 16
167 15
168 12
169 13
170 14
171 17
172 13
173 21
174 17
175 18
176 8
177 12
178 10
179 15
180 16
181 12
182 19
183 22
184 16
185 15
186 9
187 5
188 21
189 23
190 16
191 12
192 20
193 14
194 11
195 6
196 11
197 13
198 12
199 19
200 20
201 19
202 18
203 13
204 15
205 7
206 11
207 12
208 28
209 16
210 22
211 22
212 13
213 15
214 11
215 21
216 23
217 24
218 24
219 15
220 16
221 21
222 5
223 15
224 13
225 11
226 20
227 15
228 31
229 23
230 20
231 20
232 17
233 31
234 20
235 13
236 27
237 24
238 27
239 32
240 19
241 21
242 34
243 24
244 20
245 23
246 21
247 21
248 21
249 18
250 21
251 8
252 13
253 14
254 27
255 25
256 13
257 16
258 20
259 7
260 4
261 17
262 15
263 14
264 12
265 13
266 20
267 8
268 18
269 25
270 15
271 22
272 20
273 23
274 20
275 12
276 33
277 40
278 33
279 22
280 24
281 26
282 15
283 15
284 17
285 7
286 20
287 17
288 10
289 13
290 31
291 40
292 21
293 22
294 27
295 26
296 20
297 19
298 27
299 22
300 12
301 11
302 13
303 18
304 14
305 18
306 20
307 23
308 14
309 19
310 32
311 24
312 20
313 29
314 31
315 13
316 9
317 21
318 23
319 12
320 23
321 15
322 21
323 18
324 19
325 26
326 33
327 27
328 22
329 13
330 15
331 13
332 15
333 9
334 8
335 22
336 9
337 10
338 20
339 24
340 26
341 13
342 19
343 8
344 13
345 13
346 6
347 11
348 21
349 9
350 16
351 20
352 17
353 14
354 9
355 19
356 14
357 23
358 16
359 9
360 18
361 15
362 10
363 15
364 12
365 27
366 15
367 15
368 18
369 16
370 26
371 14
372 16
373 13
374 24
375 13
376 11
377 18
378 21
379 17
380 19
381 28
382 9
383 12
384 26
385 22
386 17
387 9
388 21
389 17
390 7
391 16
392 8
393 7
394 18
395 21
396 28
397 11
398 14
399 18
400 16
401 16
402 17
403 22
404 22
405 26
406 34
407 19
408 25
409 20
410 24
411 18
412 28
413 25
414 26
415 30
416 23
417 24
418 25
419 20
420 44
421 22
422 18
423 22
424 34
425 22
426 29
427 12
428 19
429 12
430 12
431 9
432 15
433 20
434 6
435 24
436 10
437 19
438 10
439 19
440 12
441 20
442 11
443 8
444 19
445 15
446 9
447 14
448 13
449 17
450 17
451 31
452 42
453 16
454 10
455 17
456 18
457 21
458 21
459 15
460 16
461 16
462 20
463 18
464 17
465 17
466 15
467 26
468 18
469 13
470 19
471 10
472 17
473 19
474 18
475 6
476 15
477 12
478 13
479 14
480 7
481 10
482 9
483 12
484 18
485 6
486 8
487 19
488 7
489 17
490 5
491 10
492 9
493 18
494 9
495 16
496 12
497 24
498 23
499 15
500 7
501 18
502 17
503 14
504 13
505 4
506 20
507 13
508 15
509 17
510 19
511 22
512 16
513 20
514 12
515 18
516 16
517 10
518 19
519 11
520 20
521 13
522 22
523 7
524 15
525 13
526 24
527 19
528 9
529 20
530 15
531 12
532 19
533 13
534 20
535 18
536 23
537 21
538 11
539 23
540 14
541 34
542 3
543 6
544 17
545 18
546 26
547 18
548 20
549 16
550 10
551 24
552 14
553 11
554 7
555 15
556 8
557 6
558 13
559 10
560 16
561 11
562 14
563 20
564 7
565 26
566 17
567 24
568 9
569 8
570 14
571 14
572 17
573 10
574 20
575 16
576 18
577 13
578 19
579 15
580 15
581 21
582 11
583 14
584 8
585 11
586 11
587 9
588 19
589 13
590 15
591 15
592 15
593 21
594 20
595 16
596 9
597 25
598 16
599 16
600 17
601 5
602 13
603 10
604 19
605 12
606 23
607 11
608 11
609 13
610 17
611 11
612 17
613 15
614 8
615 11
616 14
617 9
618 13
619 13
620 10
621 12
622 12
623 7
624 10
625 11
626 8
627 15
628 15
629 14
630 11
631 9
632 21
633 18
634 17
635 10
636 14
637 17
638 12
639 21
640 10
641 11
642 13
643 11
644 7
645 19
646 14
647 21
648 22
649 14
650 21
651 10
652 8
653 13
654 21
655 8
656 11
657 13
658 17
659 9
660 12
661 16
662 13
663 8
664 10
665 21
666 18
667 12
668 13
669 11
670 15
671 12
672 11
673 11
674 10
675 16
676 17
677 15
678 20
679 18
680 12
681 19
682 16
683 15
684 19
685 16
686 15
687 11
688 24
689 10
690 8
691 12
692 18
693 13
694 18
695 13
696 12
697 9
698 17
699 22
700 21
701 16
702 23
703 15
704 11
705 19
706 15
707 16
708 19
709 6
710 24
711 14
712 7
713 10
714 14
715 11
716 14
717 20
718 7
719 18
720 10
721 15
722 18
723 8
724 17
725 15
726 11
727 22
728 21
729 5
730 15
731 16
732 9
733 14
734 13
735 15
736 15
737 11
738 13
739 21
740 10
741 24
742 8
743 11
744 20
745 13
746 11
747 20
748 16
749 24
750 17
751 11
752 16
753 17
754 24
755 19
756 26
757 14
758 15
759 10
760 11
761 6
762 22
763 12
764 26
765 11
766 13
767 15
768 8
769 18
770 8
771 17
772 13
773 14
774 21
775 10
776 9
777 26
778 17
779 18
780 20
781 14
782 7
783 12
784 21
785 12
786 17
787 9
788 27
789 10
790 21
791 19
792 14
793 9
794 18
795 18
796 10
797 9
798 16
799 10
800 13
801 33
802 21
803 23
804 15
805 18
806 12
807 19
808 15
809 17
810 14
811 11
812 4
813 18
814 14
815 20
816 28
817 8
818 13
819 15
820 16
821 12
822 18
823 1
824 10
825 19
826 23
827 3
828 9
829 20
830 16
831 18
832 12
833 16
834 19
835 19
836 16
837 9
838 13
839 15
840 11
841 11
842 12
843 8
844 7
845 12
846 12
847 9
848 12
849 12
850 14
851 16
852 15
853 9
854 27
855 18
856 13
857 13
858 22
859 19
860 18
861 14
862 14
863 29
864 5
865 15
866 6
867 6
868 13
869 16
870 16
871 11
872 10
873 14
874 20
875 7
876 14
877 11
878 10
879 11
880 32
881 9
882 14
883 18
884 17
885 26
886 7
887 20
888 17
889 21
890 13
891 10
892 6
893 5
894 12
895 15
896 17
897 6
898 23
899 12
900 18
901 19
902 25
903 16
904 17
905 14
906 11
907 10
908 8
909 13
910 15
911 18
912 30
913 19
914 34
915 27
916 26
917 15
918 13
919 14
920 11
921 15
922 14
923 21
924 17
925 7
926 20
927 11
928 9
929 7
930 13
931 11
932 12
933 15
934 18
935 8
936 32
937 16
938 15
939 25
940 5
941 20
942 18
943 11
944 13
945 8
946 7
947 11
948 9
949 18
950 12
951 23
952 23
953 12
954 18
955 19
956 5
957 16
958 16
959 17
960 13
961 15
962 11
963 10
964 3
965 9
966 12
967 15
968 23
969 25
970 8
971 11
972 14
973 21
974 25
975 12
976 4
977 13
978 16
979 7
980 13
981 15
982 8
983 7
984 10
985 8
986 14
987 25
988 13
989 9
990 10
991 17
992 5
993 8
994 11
995 7
996 19
997 6
998 14
999 7
1000 7
1001 15
1002 13
1003 17
1004 6
1005 13
1006 10
1007 8
1008 18
1009 16
1010 13
1011 12
1012 19
1013 22
1014 10
1015 10
1016 5
1017 14
1018 17
1019 14
1020 21
1021 17
1022 17
1023 11
1024 12
1025 12
1026 19
1027 14
1028 18
1029 14
1030 17
1031 24
1032 18
1033 17
1034 12
1035 21
1036 14
1037 7
1038 12
1039 10
1040 18
1041 13
1042 12
1043 25
1044 18
1045 8
1046 12
1047 13
1048 11
1049 10
1050 17
1051 18
1052 13
1053 18
1054 24
1055 23
1056 14
1057 12
1058 14
1059 11
1060 14
1061 20
1062 15
1063 16
1064 8
1065 10
1066 11
1067 10
1068 10
1069 11
1070 18
1071 15
1072 17
1073 14
1074 8
1075 15
1076 10
1077 16
1078 10
1079 15
1080 19
1081 27
1082 28
1083 17
1084 15
1085 11
1086 13
1087 9
1088 18
1089 12
1090 14
1091 18
1092 23
1093 6
1094 8
1095 15
1096 18
1097 14
1098 8
1099 18
1100 16
1101 16
1102 23
1103 27
1104 13
1105 7
1106 9
1107 8
1108 36
1109 28
1110 10
1111 26
1112 18
1113 11
1114 17
1115 25
1116 25
1117 21
1118 9
1119 9
1120 9
1121 16
1122 11
1123 12
1124 14
1125 16
1126 24
1127 14
1128 30
1129 15
1130 9
1131 10
1132 11
1133 30
1134 24
1135 17
1136 16
1137 36
1138 13
1139 11
1140 13
1141 14
1142 14
1143 31
1144 17
1145 23
1146 11
1147 10
1148 21
1149 29
1150 21
1151 10
1152 13
1153 26
1154 16
1155 9
1156 14
1157 7
1158 10
1159 15
1160 27
1161 15
1162 10
1163 24
1164 18
1165 28
1166 12
1167 30
1168 23
1169 34
1170 20
1171 18
1172 7
1173 18
1174 23
1175 10
1176 18
1177 22
1178 16
1179 14
1180 11
1181 15
1182 20
1183 13
1184 34
1185 19
1186 16
1187 5
1188 17
1189 25
1190 16
1191 20
1192 20
1193 19
1194 29
1195 18
1196 20
1197 16
1198 20
1199 27
1200 25
1201 13
1202 8
1203 18
1204 21
1205 21
1206 13
1207 25
1208 23
1209 25
1210 25
1211 15
1212 17
1213 18
1214 12
1215 26
1216 11
1217 28
1218 18
1219 26
1220 10
1221 18
1222 24
1223 27
1224 19
1225 22
1226 20
1227 23
1228 17
1229 27
1230 20
1231 19
1232 19
1233 15
1234 31
1235 24
1236 13
1237 21
1238 23
1239 30
1240 28
1241 22
1242 18
1243 22
1244 34
1245 30
1246 12
1247 20
1248 16
1249 27
1250 21
1251 22
1252 25
1253 25
1254 35
1255 28
1256 23
1257 24
1258 21
1259 23
1260 18
1261 11
1262 17
1263 19
1264 24
1265 20
1266 26
1267 30
1268 18
1269 16
1270 21
1271 35
1272 25
1273 16
1274 33
1275 22
1276 27
1277 20
1278 27
1279 21
1280 30
1281 28
1282 27
1283 17
1284 24
1285 23
1286 13
1287 18
1288 19
1289 30
1290 14
1291 30
1292 27
1293 29
1294 35
1295 19
1296 18
1297 19
1298 25
1299 19
1300 23
1301 19
1302 15
1303 29
1304 12
1305 23
1306 23
1307 16
1308 37
1309 16
1310 30
1311 26
1312 27
1313 24
1314 18
1315 24
1316 23
1317 18
1318 33
1319 29
1320 12
1321 18
1322 11
1323 14
1324 21
1325 20
1326 25
1327 24
1328 17
1329 35
1330 21
1331 22
1332 9
1333 26
1334 22
1335 11
1336 18
1337 21
1338 10
1339 17
1340 18
1341 22
1342 14
1343 28
1344 33
1345 16
1346 25
1347 19
1348 16
1349 28
1350 29
1351 26
1352 29
1353 17
1354 23
1355 23
1356 21
1357 21
1358 30
1359 11
1360 15
1361 21
1362 17
1363 14
1364 11
1365 21
1366 26
1367 24
1368 18
1369 24
1370 25
1371 12
1372 26
1373 9
1374 27
1375 19
1376 25
1377 24
1378 31
1379 20
1380 28
1381 32
1382 20
1383 21
1384 13
1385 29
1386 24
1387 35
1388 15
1389 29
1390 35
1391 25
1392 18
1393 15
1394 20
1395 20
1396 19
1397 31
1398 23
1399 23
1400 24
1401 23
1402 9
1403 21
1404 20
1405 18
1406 18
1407 11
1408 13
1409 16
1410 17
1411 27
1412 20
1413 14
1414 32
1415 8
1416 26
1417 15
1418 22
1419 23
1420 22
1421 18
1422 20
1423 27
1424 22
1425 23
1426 14
1427 18
1428 15
1429 13
1430 20
1431 29
1432 16
1433 21
1434 15
1435 22
1436 20
1437 28
1438 32
1439 12
1440 19
1441 10
1442 23
1443 25
1444 26
1445 24
1446 15
1447 15
1448 28
1449 26
1450 29
1451 25
1452 28
1453 16
1454 9
1455 19
1456 8
1457 15
1458 18
1459 25
1460 17
1461 19
1462 9
1463 17
1464 18
1465 24
1466 31
1467 26
1468 15
1469 17
1470 16
1471 12
1472 20
1473 27
1474 37
1475 22
1476 15
1477 20
1478 30
1479 24
1480 24
1481 27
1482 13
1483 15
1484 31
1485 16
1486 19
1487 24
1488 26
1489 23
1490 25
1491 21
1492 25
1493 22
1494 15
1495 19
1496 12
1497 17
1498 14
1499 20
1500 16
1501 21
1502 15
1503 10
1504 14
1505 16
1506 18
1507 18
1508 14
1509 24
1510 29
1511 7
1512 15
1513 11
1514 16
1515 25
1516 16
1517 27
1518 25
1519 33
1520 16
1521 30
1522 21
1523 10
1524 14
1525 20
1526 23
1527 10
1528 16
1529 22
1530 23
1531 21
1532 18
1533 20
1534 20
1535 20
1536 26
1537 12
1538 13
1539 24
1540 26
1541 14
1542 18
1543 33
1544 22
1545 18
1546 21
1547 28
1548 24
1549 12
1550 24
1551 19
1552 29
1553 21
1554 24
1555 16
1556 16
1557 19
1558 17
1559 22
1560 26
1561 25
1562 20
1563 33
1564 25
1565 22
1566 19
1567 16
1568 25
1569 25
1570 19
1571 15
1572 19
1573 17
1574 20
1575 18
1576 16
1577 22
1578 17
1579 14
1580 13
1581 26
1582 25
1583 22
1584 30
1585 12
1586 23
1587 14
1588 14
1589 30
1590 25
1591 18
1592 23
1593 13
1594 15
1595 19
1596 20
1597 21
1598 21
1599 8
1600 14
1601 32
1602 14
1603 16
1604 20
1605 26
1606 22
1607 22
1608 29
1609 11
1610 18
1611 17
1612 18
1613 23
1614 32
1615 19
1616 25
1617 29
1618 14
1619 20
1620 18
1621 24
1622 20
1623 26
1624 28
1625 23
1626 20
1627 17
1628 25
1629 19
1630 15
1631 12
1632 16
1633 16
1634 24
1635 19
1636 14
1637 19
1638 12
1639 15
1640 20
1641 18
1642 24
1643 18
1644 21
1645 14
1646 12
1647 19
1648 20
1649 13
1650 9
1651 25
1652 16
1653 30
1654 17
1655 20
1656 21
1657 18
1658 21
1659 14
1660 20
1661 20
1662 27
1663 12
1664 12
1665 7
1666 17
1667 25
1668 19
1669 22
1670 14
1671 17
1672 15
1673 24
1674 22
1675 12
1676 13
1677 24
1678 24
1679 11
1680 11
1681 13
1682 19
1683 16
1684 14
1685 37
1686 25
1687 21
1688 10
1689 16
1690 24
1691 25
1692 18
1693 15
1694 15
1695 30
1696 12
1697 20
1698 9
1699 30
1700 34
1701 24
1702 23
1703 32
1704 22
1705 23
1706 10
1707 24
1708 26
1709 21
1710 26
1711 32
1712 23
1713 23
1714 26
1715 16
1716 23
1717 19
1718 23
1719 31
1720 17
1721 12
1722 23
1723 24
1724 22
1725 31
1726 34
1727 19
1728 22
1729 17
1730 21
1731 22
1732 19
1733 20
1734 9
1735 19
1736 20
1737 15
1738 20
1739 11
1740 16
1741 12
1742 22
1743 17
1744 21
1745 17
1746 22
1747 22
1748 19
1749 16
1750 24
1751 21
1752 34
1753 22
1754 7
1755 23
1756 16
1757 17
1758 25
1759 23
1760 39
1761 20
1762 29
1763 19
1764 24
1765 23
1766 34
1767 15
1768 28
1769 24
1770 26
1771 24
1772 25
1773 32
1774 35
1775 24
1776 26
1777 23
1778 10
1779 18
1780 22
1781 22
1782 19
1783 24
1784 18
1785 30
1786 19
1787 22
1788 32
1789 23
1790 20
1791 26
1792 25
1793 18
1794 15
1795 30
1796 26
1797 24
1798 18
1799 23
1800 21
1801 20
1802 12
1803 23
1804 26
1805 27
1806 22
1807 30
1808 30
1809 29
1810 31
1811 24
1812 30
1813 11
1814 14
1815 22
1816 24
1817 24
1818 16
1819 23
1820 16
1821 20
1822 37
1823 17
1824 19
1825 19
1826 18
1827 25
1828 30
1829 25
1830 13
1831 32
1832 20
1833 23
1834 28
1835 31
1836 16
1837 21
1838 18
1839 21
1840 22
1841 20
1842 28
1843 18
1844 15
1845 15
1846 23
1847 20
1848 25
1849 24
1850 20
1851 18
1852 17
1853 20
1854 21
1855 27
1856 32
1857 33
1858 27
1859 27
1860 15
1861 11
1862 28
1863 25
1864 10
1865 21
1866 20
1867 14
1868 36
1869 22
1870 24
1871 29
1872 17
1873 40
1874 21
1875 22
1876 24
1877 6
1878 16
1879 21
1880 29
1881 27
1882 18
1883 25
1884 20
1885 17
1886 19
1887 23
1888 32
1889 22
1890 31
1891 22
1892 35
1893 17
1894 34
1895 19
1896 26
1897 23
1898 21
1899 24
1900 17
1901 18
1902 27
1903 32
1904 28
1905 24
1906 22
1907 24
1908 18
1909 16
1910 14
1911 31
1912 20
1913 36
1914 23
1915 42
1916 31
1917 33
1918 23
1919 14
1920 18
1921 18
1922 16
1923 14
1924 25
1925 29
1926 23
1927 29
1928 28
1929 25
1930 31
1931 16
1932 24
1933 27
1934 24
1935 18
1936 20
1937 32
1938 27
1939 27
1940 33
1941 25
1942 36
1943 22
1944 36
1945 29
1946 20
1947 22
1948 25
1949 34
1950 37
1951 12
1952 25
1953 32
1954 31
1955 29
1956 19
1957 26
1958 22
1959 27
1960 30
1961 28
1962 19
1963 33
1964 22
1965 26
1966 23
1967 27
1968 31
1969 31
1970 28
1971 21
1972 20
1973 23
1974 18
1975 28
1976 13
1977 26
1978 22
1979 22
1980 22
1981 23
1982 26
1983 15
1984 25
1985 25
1986 26
1987 18
1988 21
1989 27
1990 32
1991 26
1992 20
1993 22
1994 24
1995 26
1996 18
1997 23
1998 30
1999 17
2000 25
2001 27
2002 27
2003 28
2004 27
2005 28
2006 21
2007 25
2008 42
2009 31
2010 23
2011 28
2012 23
2013 21
2014 24
2015 30
2016 27
2017 31
2018 24
2019 13
2020 23
2021 19
2022 25
2023 27
2024 20
2025 26
2026 15
2027 22
2028 25
2029 14
2030 17
2031 18
2032 16
2033 39
2034 23
2035 18
2036 25
2037 18
2038 14
2039 22
2040 19
2041 26
2042 26
2043 23
2044 17
2045 24
2046 22
2047 17
2048 24
2049 22
2050 31
2051 22
2052 23
2053 24
2054 16
2055 19
2056 30
2057 32
2058 21
2059 39
2060 26
2061 28
2062 26
2063 15
2064 22
2065 21
2066 31
2067 16
2068 21
2069 16
2070 29
2071 24
2072 23
2073 23
2074 18
2075 25
2076 23
2077 23
2078 24
2079 12
2080 25
2081 23
2082 24
2083 10
2084 21
2085 29
2086 9
2087 20
2088 30
2089 17
2090 21
2091 28
2092 12
2093 26
2094 24
2095 24
2096 29
2097 28
2098 32
2099 21
2100 26
2101 21
2102 20
2103 19
2104 26
2105 40
2106 38
2107 19
2108 32
2109 25
2110 22
2111 27
2112 37
2113 19
2114 18
2115 21
2116 27
2117 10
2118 31
2119 29
2120 28
2121 25
2122 35
2123 27
2124 28
2125 28
2126 32
2127 28
2128 27
2129 9
2130 22
2131 33
2132 17
2133 25
2134 9
2135 24
2136 21
2137 28
2138 19
2139 31
2140 20
2141 28
2142 18
2143 40
2144 22
2145 31
2146 22
2147 14
2148 21
2149 31
2150 35
2151 21
2152 26
2153 22
2154 28
2155 28
2156 20
2157 21
2158 22
2159 17
2160 25
2161 29
2162 20
2163 21
2164 21
2165 15
2166 30
2167 33
2168 28
2169 19
2170 29
2171 18
2172 15
2173 24
2174 18
2175 24
2176 22
2177 29
2178 5
2179 15
2180 23
2181 30
2182 19
2183 19
2184 8
2185 20
2186 15
2187 25
2188 18
2189 8
2190 23
2191 18
2192 27
2193 11
2194 21
2195 19
2196 27
2197 17
2198 11
2199 22
2200 19
2201 24
2202 21
2203 14
2204 20
2205 9
2206 20
2207 18
2208 25
2209 29
2210 11
2211 26
2212 27
2213 21
2214 13
2215 32
2216 24
2217 15
2218 18
2219 17
2220 27
2221 26
2222 23
2223 11
2224 29
2225 11
2226 14
2227 17
2228 14
2229 29
2230 17
2231 25
2232 23
2233 16
2234 35
2235 9
2236 15
2237 28
2238 19
2239 20
2240 19
2241 19
2242 16
2243 22
2244 27
2245 25
2246 17
2247 13
2248 11
2249 14
2250 24
2251 20
2252 29
2253 20
2254 23
2255 8
2256 20
2257 21
2258 18
2259 27
2260 25
2261 18
2262 16
2263 22
2264 20
2265 20
2266 21
2267 18
2268 17
2269 30
2270 13
2271 22
2272 19
2273 26
2274 23
2275 18
2276 19
2277 17
2278 20
2279 15
2280 31
2281 21
2282 27
2283 20
2284 27
2285 22
2286 24
2287 19
2288 21
2289 14
2290 19
2291 9
2292 28
2293 18
2294 18
2295 21
2296 14
2297 23
2298 23
2299 25
2300 23
2301 23
2302 12
2303 18
2304 38
2305 19
2306 16
2307 26
2308 24
2309 25
2310 29
2311 20
2312 23
2313 21
2314 21
2315 28
2316 27
2317 28
2318 32
2319 24
2320 34
2321 25
2322 26
2323 26
2324 30
2325 24
2326 30
2327 27
2328 23
2329 14
2330 25
2331 26
2332 19
2333 13
2334 12
2335 12
2336 8
2337 20
2338 14
2339 21
2340 31
2341 15
2342 13
2343 23
2344 29
2345 16
2346 17
2347 18
2348 19
2349 17
2350 22
2351 15
2352 19
2353 25
2354 23
2355 16
2356 34
2357 20
2358 23
2359 13
2360 18
2361 23
2362 11
2363 31
2364 23
2365 13
2366 14
2367 5
2368 17
2369 8
2370 15
2371 15
2372 12
2373 19
2374 39
2375 30
2376 28
2377 17
2378 23
2379 18
2380 28
2381 12
2382 36
2383 31
2384 22
2385 29
2386 18
2387 26
2388 16
2389 15
2390 32
2391 31
2392 20
2393 30
2394 29
2395 19
2396 24
2397 25
2398 28
2399 25
2400 24
2401 32
2402 15
2403 35
2404 33
2405 31
2406 32
2407 13
2408 24
2409 16
2410 34
2411 32
2412 28
2413 16
2414 17
2415 24
2416 19
2417 30
2418 27
2419 27
2420 25
2421 25
2422 19
2423 15
2424 18
2425 24
2426 11
2427 8
2428 9
2429 17
2430 34
2431 20
2432 19
2433 12
2434 32
2435 25
2436 14
2437 16
2438 31
2439 19
2440 24
2441 24
2442 20
2443 19
2444 21
2445 31
2446 22
2447 17
2448 17
2449 14
2450 25
2451 22
2452 37
2453 17
2454 15
2455 23
2456 19
2457 28
2458 19
2459 19
2460 22
2461 24
2462 20
2463 21
2464 24
2465 19
2466 41
2467 26
2468 28
2469 24
2470 15
2471 17
2472 21
2473 24
2474 13
2475 22
2476 26
2477 16
2478 21
2479 26
2480 34
2481 26
2482 24
2483 22
2484 20
2485 21
2486 17
2487 21
2488 29
2489 30
2490 22
2491 26
2492 18
2493 20
2494 34
2495 31
2496 26
2497 37
2498 23
2499 24
2500 30
2501 27
2502 26
2503 35
2504 15
2505 33
2506 29
2507 21
2508 18
2509 26
2510 23
2511 19
2512 21
2513 29
2514 23
2515 26
2516 32
2517 31
2518 16
2519 29
2520 20
2521 27
2522 27
2523 22
2524 39
2525 23
2526 41
2527 22
2528 20
2529 23
2530 23
2531 20
2532 13
2533 27
2534 21
2535 18
2536 22
2537 30
2538 6
2539 11
2540 8
2541 17
2542 19
2543 10
2544 16
2545 23
2546 8
2547 18
2548 17
2549 14
2550 11
2551 25
2552 14
2553 18
2554 23
2555 25
2556 19
2557 15
2558 9
2559 13
2560 15
2561 14
2562 9
2563 16
2564 13
2565 13
2566 10
2567 16
2568 10
2569 20
2570 14
2571 14
2572 13
2573 19
2574 22
2575 11
2576 16
2577 20
2578 15
2579 18
2580 17
2581 12
2582 7
2583 18
2584 28
2585 19
2586 18
2587 16
2588 25
2589 8
2590 18
2591 15
2592 21
2593 19
2594 29
2595 22
2596 5
2597 27
2598 19
2599 11
2600 23
2601 15
2602 23
2603 18
2604 16
2605 21
2606 18
2607 17
2608 9
2609 16
2610 16
2611 7
2612 19
2613 15
2614 17
2615 14
2616 19
2617 18
2618 22
2619 20
2620 11
2621 24
2622 30
2623 19
2624 16
2625 9
2626 22
2627 27
2628 21
2629 20
2630 26
2631 28
2632 19
2633 28
2634 20
2635 20
2636 16
2637 17
2638 15
2639 17
2640 15
2641 13
2642 12
2643 21
2644 7
2645 17
2646 13
2647 30
2648 20
2649 18
2650 18
2651 15
2652 9
2653 17
2654 20
2655 14
2656 22
2657 18
2658 22
2659 26
2660 21
2661 19
2662 23
2663 11
2664 23
2665 22
2666 14
2667 15
2668 7
2669 9
2670 13
2671 11
2672 7
2673 4
2674 5
2675 7
2676 19
2677 8
2678 6
2679 9
2680 16
2681 20
2682 19
2683 12
2684 14
2685 20
2686 20
2687 19
2688 24
2689 17
2690 4
2691 14
2692 20
2693 16
2694 4
2695 9
2696 14
2697 31
2698 17
2699 7
2700 12
2701 7
2702 24
2703 15
2704 25
2705 23
2706 22
2707 14
2708 10
2709 26
2710 10
2711 32
2712 20
2713 16
2714 10
2715 16
2716 22
2717 8
2718 12
2719 20
2720 3
2721 14
2722 14
2723 21
2724 16
2725 10
2726 20
2727 16
2728 12
2729 12
2730 27
2731 10
2732 15
2733 13
2734 13
2735 26
2736 13
2737 15
2738 26
2739 24
2740 15
2741 11
2742 18
2743 14
2744 8
2745 13
2746 14
2747 13
2748 16
2749 28
2750 17
2751 11
2752 6
2753 23
2754 21
2755 12
2756 20
2757 21
2758 14
2759 19
2760 16
2761 12
2762 16
2763 34
2764 16
2765 15
2766 20
2767 16
2768 20
2769 16
2770 17
2771 28
2772 16
2773 33
2774 10
2775 23
2776 18
2777 26
2778 15
2779 13
2780 24
2781 13
2782 24
2783 18
2784 30
2785 17
2786 23
2787 27
2788 23
2789 14
2790 16
2791 22
2792 31
2793 24
2794 13
2795 17
2796 29
2797 17
2798 22
2799 25
2800 17
2801 12
2802 22
2803 25
2804 5
2805 12
2806 12
2807 25
2808 17
2809 24
2810 33
2811 29
2812 24
2813 12
2814 14
2815 17
2816 20
2817 31
2818 16
2819 33
2820 19
2821 25
2822 25
2823 18
2824 15
2825 18
2826 19
2827 11
2828 18
2829 5
2830 12
2831 21
2832 14
2833 11
2834 15
2835 25
2836 12
2837 6
2838 23
2839 6
2840 14
2841 13
2842 14
2843 20
2844 5
2845 13
2846 31
2847 10
2848 8
2849 14
2850 14
2851 14
2852 22
2853 25
2854 18
2855 17
2856 9
2857 22
2858 15
2859 12
2860 17
2861 12
2862 17
2863 12
2864 15
2865 20
2866 15
2867 14
2868 18
2869 16
2870 12
2871 21
2872 20
2873 5
2874 12
2875 23
2876 14
2877 17
2878 19
2879 17
2880 4
2881 13
2882 7
2883 14
2884 16
2885 10
2886 22
2887 6
2888 10
2889 8
2890 7
2891 13
2892 19
2893 20
2894 14
2895 15
2896 22
2897 25
2898 11
2899 23
2900 21
2901 12
2902 18
2903 8
2904 5
2905 13
2906 17
2907 19
2908 9
2909 12
2910 15
2911 17
2912 9
2913 20
2914 17
2915 10
2916 19
2917 26
2918 19
2919 16
2920 14
2921 11
2922 14
2923 18
2924 16
2925 18
2926 26
2927 12
2928 18
2929 23
2930 9
2931 16
2932 15
2933 14
2934 14
2935 8
2936 17
2937 15
2938 20
2939 35
2940 17
2941 24
2942 24
2943 22
2944 20
2945 22
2946 21
2947 22
2948 11
2949 16
2950 9
2951 27
2952 13
2953 20
2954 25
2955 25
2956 23
2957 35
2958 9
2959 10
2960 5
2961 15
2962 12
2963 9
2964 8
2965 22
2966 13
2967 21
2968 17
2969 24
2970 6
2971 20
2972 6
2973 14
2974 15
2975 18
2976 13
2977 13
2978 15
2979 26
2980 14
2981 13
2982 17
2983 14
2984 14
2985 11
2986 20
2987 13
2988 14
2989 10
2990 15
2991 7
2992 26
2993 12
2994 11
2995 16
2996 9
2997 20
2998 7
2999 20
3000 16
3001 12
3002 23
3003 20
3004 19
3005 19
3006 20
3007 11
3008 20
3009 32
3010 21
3011 12
3012 17
3013 15
3014 10
3015 21
3016 18
3017 28
3018 21
3019 17
3020 25
3021 16
3022 7
3023 5
3024 21
3025 15
3026 8
3027 18
3028 25
3029 30
3030 13
3031 17
3032 18
3033 9
3034 14
3035 12
3036 27
3037 14
3038 16
3039 12
3040 22
3041 11
3042 16
3043 26
3044 14
3045 15
3046 12
3047 19
3048 12
3049 17
3050 16
3051 11
3052 15
3053 16
3054 21
3055 8
3056 10
3057 17
3058 8
3059 15
3060 13
3061 23
3062 18
3063 18
3064 8
3065 17
3066 16
3067 15
3068 20
3069 19
3070 24
3071 10
3072 10
3073 20
3074 13
3075 15
3076 21
3077 30
3078 10
3079 13
3080 18
3081 18
3082 22
3083 15
3084 13
3085 15
3086 31
3087 25
3088 17
3089 17
3090 17
3091 17
3092 16
3093 20
3094 24
3095 9
3096 11
3097 24
3098 9
3099 16
3100 7
3101 10
3102 17
3103 10
3104 18
3105 17
3106 7
3107 12
3108 18
3109 17
3110 6
3111 14
3112 27
3113 17
3114 17
3115 23
3116 26
3117 21
3118 9
3119 10
3120 24
3121 11
3122 4
3123 17
3124 13
3125 14
3126 8
3127 16
3128 11
3129 17
3130 21
3131 13
3132 22
3133 18
3134 24
3135 19
3136 17
3137 19
3138 22
3139 21
3140 12
3141 32
3142 5
3143 22
3144 4
3145 17
3146 8
3147 13
3148 7
3149 13
3150 13
3151 17
3152 18
3153 18
3154 11
3155 14
3156 16
3157 9
3158 13
3159 7
3160 7
3161 8
3162 12
3163 27
3164 4
3165 13
3166 26
3167 4
3168 21
3169 19
3170 20
3171 10
3172 11
3173 19
3174 19
3175 14
3176 17
3177 11
3178 23
3179 14
3180 5
3181 16
3182 11
3183 10
3184 17
3185 19
3186 8
3187 13
3188 19
3189 23
3190 18
3191 19
3192 15
3193 13
3194 15
3195 17
3196 19
3197 8
3198 15
3199 21
3200 16
3201 19
3202 12
3203 20
3204 17
3205 7
3206 18
3207 4
3208 21
3209 17
3210 20
3211 16
3212 19
3213 13
3214 8
3215 4
3216 9
3217 19
3218 31
3219 24
3220 17
3221 22
3222 15
3223 23
3224 15
3225 12
3226 19
3227 12
3228 6
3229 11
3230 23
3231 17
3232 8
3233 16
3234 16
3235 17
3236 26
3237 14
3238 14
3239 18
3240 14
3241 23
3242 9
3243 17
3244 20
3245 13
3246 15
3247 17
3248 20
3249 11
3250 20
3251 11
3252 15
3253 10
3254 21
3255 9
3256 16
3257 4
3258 16
3259 21
3260 12
3261 16
3262 12
3263 15
3264 9
3265 26
3266 18
3267 32
3268 17
3269 16
3270 17
3271 27
3272 14
3273 14
3274 15
3275 22
3276 14
3277 11
3278 11
3279 17
3280 14
3281 14
3282 11
3283 11
3284 24
3285 13
3286 22
3287 1
3288 20
3289 9
3290 13
3291 15
3292 20
3293 24
3294 6
3295 18
3296 17
3297 13
3298 24
3299 13
3300 16
3301 19
3302 18
3303 29
3304 22
3305 25
3306 25
3307 19
3308 17
3309 28
3310 15
3311 15
3312 24
3313 16
3314 14
3315 19
3316 18
3317 21
3318 16
3319 14
3320 22
3321 11
3322 22
3323 19
3324 34
3325 22
3326 11
3327 15
3328 16
3329 17
3330 26
3331 4
3332 12
3333 17
3334 19
3335 26
3336 8
3337 16
3338 16
3339 7
3340 9
3341 9
3342 22
3343 23
3344 17
3345 5
3346 20
3347 18
3348 21
3349 10
3350 18
3351 16
3352 10
3353 15
3354 26
3355 18
3356 21
3357 14
3358 16
3359 25
3360 14
3361 14
3362 7
3363 16
3364 14
3365 13
3366 31
3367 24
3368 23
3369 28
3370 17
3371 21
3372 12
3373 29
3374 18
3375 11
3376 13
3377 11
3378 14
3379 20
3380 16
3381 24
3382 22
3383 15
3384 13
3385 21
3386 11
3387 14
3388 23
3389 16
3390 18
3391 15
3392 33
3393 12
3394 13
3395 18
3396 27
3397 14
3398 12
3399 16
3400 9
3401 18
3402 11
3403 17
3404 21
3405 6
3406 6
3407 17
3408 18
3409 15
3410 12
3411 16
3412 15
3413 13
3414 11
3415 19
3416 13
3417 20
3418 10
3419 34
3420 15
3421 6
3422 10
3423 10
3424 14
3425 22
3426 27
3427 14
3428 19
3429 21
3430 12
3431 18
3432 9
3433 17
3434 17
3435 19
3436 10
3437 16
3438 20
3439 18
3440 11
3441 11
3442 9
3443 17
3444 17
3445 25
3446 10
3447 26
3448 12
3449 26
3450 13
3451 18
3452 10
3453 11
3454 13
3455 18
3456 13
3457 13
3458 9
3459 9
3460 15
3461 12
3462 20
3463 19
3464 12
3465 7
3466 16
3467 12
3468 17
3469 11
3470 26
3471 3
3472 7
3473 23
3474 15
3475 15
3476 14
3477 14
3478 13
3479 10
3480 8
3481 28
3482 22
3483 9
3484 13
3485 13
3486 23
3487 21
3488 15
3489 19
3490 19
3491 8
3492 9
3493 22
3494 13
3495 9
3496 24
3497 14
3498 17
3499 18
3500 30
3501 18
3502 16
3503 15
3504 19
3505 19
3506 15
3507 8
3508 14
3509 13
3510 21
3511 19
3512 9
3513 16
3514 10
3515 16
3516 13
3517 16
3518 12
3519 15
3520 7
3521 15
3522 15
3523 11
3524 16
3525 11
3526 5
3527 15
3528 22
3529 15
3530 8
3531 15
3532 8
3533 14
3534 11
3535 13
3536 18
3537 26
3538 20
3539 18
3540 12
3541 11
3542 7
3543 22
3544 17
3545 9
3546 21
3547 18
3548 20
3549 13
3550 10
3551 13
3552 13
3553 11
3554 10
3555 9
3556 11
3557 10
3558 14
3559 24
3560 12
3561 13
3562 13
3563 16
3564 22
3565 8
3566 13
3567 14
3568 7
3569 12
3570 12
3571 11
3572 9
3573 16
3574 13
3575 20
3576 3
3577 16
3578 6
3579 25
3580 7
3581 22
3582 16
3583 19
3584 20
3585 9
3586 18
3587 18
3588 9
3589 16
3590 16
3591 14
3592 9
3593 10
3594 17
3595 14
3596 12
3597 17
3598 10
3599 18
3600 12
3601 11
3602 18
3603 16
3604 11
3605 9
3606 17
3607 11
3608 8
3609 23
3610 13
3611 11
3612 12
3613 8
3614 10
3615 26
3616 10
3617 8
3618 11
3619 9
3620 17
3621 21
3622 19
3623 13
3624 24
3625 16
3626 16
3627 11
3628 25
3629 13
3630 19
3631 15
3632 11
3633 10
3634 19
3635 15
3636 15
3637 15
3638 12
3639 22
3640 19
3641 6
3642 20
3643 23
3644 28
3645 15
3646 21
3647 9
3648 21
3649 18
3650 20
3651 19
3652 21
3653 9
3654 25
3655 12
3656 28
3657 13
3658 14
3659 27
3660 17
3661 12
3662 31
3663 16
3664 22
3665 28
3666 18
3667 17
3668 7
3669 14
3670 11
3671 6
3672 6
3673 7
3674 12
3675 15
3676 11
3677 10
3678 9
3679 12
3680 26
3681 15
3682 12
3683 14
3684 14
3685 17
3686 10
3687 23
3688 22
3689 15
3690 11
3691 11
3692 34
3693 19
3694 11
3695 20
3696 30
3697 8
3698 8
3699 16
3700 7
3701 30
3702 16
3703 22
3704 11
3705 15
3706 15
3707 21
3708 26
3709 16
3710 11
3711 15
3712 16
3713 12
3714 13
3715 7
3716 11
3717 18
3718 15
3719 21
3720 21
3721 12
3722 9
3723 10
3724 10
3725 29
3726 9
3727 6
3728 16
3729 11
3730 27
3731 25
3732 8
3733 12
3734 21
3735 34
3736 19
3737 24
3738 23
3739 24
3740 12
3741 21
3742 19
3743 13
3744 12
3745 8
3746 11
3747 19
3748 13
3749 18
3750 17
3751 17
3752 2
3753 18
3754 18
3755 10
3756 19
3757 19
3758 29
3759 13
3760 17
3761 13
3762 15
3763 13
3764 11
3765 10
3766 8
3767 16
3768 22
3769 3
3770 17
3771 8
3772 14
3773 23
3774 15
3775 10
3776 20
3777 17
3778 20
3779 22
3780 9
3781 11
3782 14
3783 11
3784 9
3785 10
3786 11
3787 25
3788 18
3789 17
3790 15
3791 24
3792 4
3793 10
3794 16
3795 24
3796 11
3797 5
3798 20
3799 31
3800 18
3801 20
3802 4
3803 18
3804 16
3805 16
3806 22
3807 8
3808 18
3809 17
3810 12
3811 12
3812 11
3813 19
3814 15
3815 11
3816 17
3817 16
3818 16
3819 12
3820 18
3821 20
3822 15
3823 11
3824 14
3825 21
3826 27
3827 30
3828 11
3829 10
3830 23
3831 17
3832 23
3833 20
3834 20
3835 13
3836 15
3837 19
3838 8
3839 12
3840 22
3841 23
3842 25
3843 18
3844 41
3845 27
3846 21
3847 23
3848 18
3849 17
3850 28
3851 16
3852 5
3853 26
3854 20
3855 24
3856 7
3857 10
3858 16
3859 10
3860 5
3861 18
3862 26
3863 20
3864 7
3865 15
3866 13
3867 2
3868 19
3869 13
3870 7
3871 23
3872 15
3873 15
3874 17
3875 11
3876 6
3877 21
3878 18
3879 15
3880 17
3881 21
3882 20
3883 9
3884 26
3885 14
3886 13
3887 7
3888 23
3889 18
3890 24
3891 15
3892 28
3893 25
3894 17
3895 19
3896 8
3897 18
3898 11
3899 20
3900 24
3901 8
3902 9
3903 23
3904 12
3905 18
3906 12
3907 11
3908 18
3909 28
3910 29
3911 13
3912 16
3913 10
3914 14
3915 13
3916 16
3917 14
3918 32
3919 14
3920 16
3921 25
3922 24
3923 30
3924 22
3925 17
3926 14
3927 24
3928 8
3929 18
3930 25
3931 19
3932 13
3933 16
3934 12
3935 24
3936 12
3937 12
3938 9
3939 13
3940 15
3941 10
3942 15
3943 25
3944 14
3945 12
3946 26
3947 23
3948 14
3949 20
3950 25
3951 20
3952 14
3953 19
3954 26
3955 15
3956 17
3957 10
3958 16
3959 19
3960 12
3961 21
3962 20
3963 13
3964 14
3965 20
3966 17
3967 13
3968 15
3969 22
3970 19
3971 15
3972 13
3973 16
3974 14
3975 18
3976 18
3977 12
3978 31
3979 12
3980 9
3981 14
3982 13
3983 13
3984 9
3985 7
3986 21
3987 17
3988 22
3989 14
3990 12
3991 30
3992 10
3993 15
3994 11
3995 14
3996 9
3997 13
3998 16
3999 15
4000 17
4001 10
4002 10
4003 27
4004 21
4005 8
4006 17
4007 10
4008 14
4009 9
4010 18
4011 13
4012 35
4013 20
4014 11
4015 13
4016 25
4017 9
4018 20
4019 5
4020 22
4021 14
4022 13
4023 22
4024 18
4025 19
4026 11
4027 25
4028 10
4029 17
4030 13
4031 15
4032 12
4033 16
4034 5
4035 18
4036 11
4037 16
4038 10
4039 8
4040 15
4041 22
4042 9
4043 12
4044 17
4045 7
4046 20
4047 17
4048 11
4049 11
4050 14
4051 13
4052 14
4053 24
4054 11
4055 18
4056 17
4057 7
4058 2
4059 15
4060 16
4061 9
4062 13
4063 20
4064 17
4065 23
4066 17
4067 16
4068 6
4069 5
4070 24
4071 6
4072 19
4073 16
4074 15
4075 13
4076 25
4077 15
4078 15
4079 10
4080 28
4081 26
4082 12
4083 14
4084 27
4085 22
4086 15
4087 24
4088 7
4089 18
4090 18
4091 14
4092 15
4093 6
4094 13
4095 8
4096 11
4097 27
4098 3
4099 16
4100 16
4101 15
4102 11
4103 3
4104 14
4105 13
4106 10
4107 14
4108 11
4109 7
4110 24
4111 28
4112 11
4113 16
4114 14
4115 18
4116 11
4117 17
4118 25
4119 14
4120 9
4121 10
4122 25
4123 7
4124 14
4125 13
4126 20
4127 9
4128 14
4129 20
4130 19
4131 20
4132 12
4133 20
4134 17
4135 8
4136 5
4137 12
4138 21
4139 15
4140 27
4141 10
4142 17
4143 24
4144 14
4145 29
4146 15
4147 8
4148 9
4149 13
4150 7
4151 4
4152 16
4153 18
4154 11
4155 10
4156 18
4157 11
4158 12
4159 15
4160 9
4161 13
4162 12
4163 18
4164 9
4165 3
4166 19
4167 6
4168 14
4169 12
4170 9
4171 18
4172 2
4173 21
4174 27
4175 11
4176 2
4177 21
4178 25
4179 11
4180 19
4181 6
4182 13
4183 11
4184 9
4185 14
4186 13
4187 8
4188 27
4189 17
4190 20
4191 14
4192 16
4193 15
4194 17
4195 8
4196 7
4197 14
4198 18
4199 17
4200 15
4201 16
4202 13
4203 8
4204 23
4205 12
4206 16
4207 17
4208 10
4209 14
4210 11
4211 16
4212 15
4213 13
4214 11
4215 15
4216 15
4217 20
4218 13
4219 5
4220 9
4221 6
4222 16
4223 18
4224 8
4225 19
4226 13
4227 9
4228 15
4229 10
4230 16
4231 14
4232 14
4233 8
4234 6
4235 11
4236 11
4237 12
4238 14
4239 25
4240 11
4241 11
4242 5
4243 7
4244 5
4245 12
4246 9
4247 13
4248 11
4249 9
4250 8
4251 18
4252 12
4253 13
4254 12
4255 10
4256 8
4257 23
4258 21
4259 18
4260 14
4261 19
4262 5
4263 4
4264 9
4265 23
4266 5
4267 26
4268 10
4269 14
4270 8
4271 21
4272 8
4273 15
4274 24
4275 11
4276 8
4277 16
4278 14
4279 32
4280 14
4281 15
4282 13
4283 12
4284 9
4285 20
4286 9
4287 23
4288 10
4289 7
4290 12
4291 11
4292 20
4293 11
4294 10
4295 19
4296 12
4297 12
4298 13
4299 9
4300 8
4301 12
4302 23
4303 9
4304 22
4305 11
4306 15
4307 16
4308 18
4309 21
4310 14
4311 18
4312 12
4313 9
4314 14
4315 9
4316 17
4317 18
4318 16
4319 19
4320 23
4321 10
4322 10
4323 28
4324 12
4325 22
4326 17
4327 18
4328 30
4329 12
4330 17
4331 13
4332 11
4333 22
4334 12
4335 24
4336 16
4337 20
4338 16
4339 19
4340 15
4341 18
4342 17
4343 7
4344 31
4345 9
4346 14
4347 11
4348 16
4349 10
4350 23
4351 17
4352 13
4353 12
4354 15
4355 12
4356 19
4357 22
4358 6
4359 21
4360 21
4361 11
4362 17
4363 12
4364 27
4365 12
4366 7
4367 16
4368 2
4369 18
4370 10
4371 14
4372 8
4373 9
4374 10
4375 12
4376 9
4377 15
4378 16
4379 11
4380 11
4381 20
4382 13
4383 15
4384 16
4385 8
4386 8
4387 19
4388 19
4389 13
4390 17
4391 6
4392 13
4393 14
4394 22
4395 16
4396 24
4397 9
4398 18
4399 19
4400 17
4401 18
4402 5
4403 15
4404 16
4405 12
4406 12
4407 17
4408 8
4409 11
4410 20
4411 11
4412 20
4413 15
4414 16
4415 17
4416 11
4417 13
4418 14
4419 17
4420 19
4421 15
4422 23
4423 19
4424 14
4425 21
4426 1
4427 16
4428 17
4429 7
4430 18
4431 15
4432 17
4433 13
4434 13
4435 11
4436 13
4437 11
4438 14
4439 14
4440 23
4441 10
4442 10
4443 17
4444 16
4445 25
4446 16
4447 23
4448 28
4449 29
4450 17
4451 14
4452 6
4453 10
4454 17
4455 17
4456 26
4457 23
4458 9
4459 28
4460 11
4461 17
4462 11
4463 21
4464 7
4465 14
4466 9
4467 13
4468 19
4469 9
4470 15
4471 13
4472 8
4473 15
4474 19
4475 6
4476 16
4477 20
4478 20
4479 10
4480 24
4481 12
4482 16
4483 10
4484 23
4485 19
4486 9
4487 18
4488 15
4489 11
4490 20
4491 8
4492 13
4493 6
4494 21
4495 19
4496 5
4497 14
4498 13
4499 12
4500 15
4501 17
4502 27
4503 16
4504 15
4505 15
4506 16
4507 12
4508 22
4509 16
4510 23
4511 13
4512 15
4513 25
4514 14
4515 13
4516 18
4517 18
4518 13
4519 13
4520 13
4521 19
4522 22
4523 14
4524 18
4525 19
4526 20
4527 6
4528 11
4529 10
4530 12
4531 25
4532 15
4533 5
4534 18
4535 19
4536 17
4537 13
4538 10
4539 17
4540 14
4541 10
4542 17
4543 11
4544 18
4545 30
4546 13
4547 11
4548 4
4549 21
4550 17
4551 17
4552 12
4553 21
4554 7
4555 20
4556 16
4557 14
4558 7
4559 10
4560 6
4561 9
4562 16
4563 8
4564 14
4565 10
4566 14
4567 11
4568 16
4569 10
4570 17
4571 16
4572 5
4573 12
4574 2
4575 15
4576 16
4577 11
4578 18
4579 22
4580 10
4581 15
4582 14
4583 5
4584 16
4585 19
4586 13
4587 24
4588 21
4589 9
4590 18
4591 14
4592 18
4593 12
4594 11
4595 18
4596 18
4597 24
4598 26
4599 27
4600 15
4601 22
4602 13
4603 14
4604 18
4605 11
4606 19
4607 16
4608 18
4609 15
4610 16
4611 16
4612 26
4613 20
4614 13
4615 24
4616 17
4617 17
4618 24
4619 34
4620 17
4621 7
4622 9
4623 27
4624 16
4625 6
4626 8
4627 10
4628 17
4629 20
4630 24
4631 18
4632 7
4633 10
4634 35
4635 17
4636 17
4637 17
4638 19
4639 2
4640 10
4641 15
4642 24
4643 15
4644 12
4645 8
4646 20
4647 13
4648 19
4649 36
4650 10
4651 29
4652 19
4653 18
4654 18
4655 27
4656 11
4657 15
4658 19
4659 21
4660 28
4661 23
4662 28
4663 17
4664 7
4665 13
4666 17
4667 25
4668 15
4669 23
4670 13
4671 7
4672 21
4673 9
4674 14
4675 5
4676 26
4677 9
4678 13
4679 21
4680 10
4681 20
4682 10
4683 7
4684 10
4685 20
4686 17
4687 12
4688 16
4689 22
4690 14
4691 26
4692 24
4693 5
4694 16
4695 15
4696 6
4697 18
4698 15
4699 14
4700 18
4701 18
4702 17
4703 16
4704 12
4705 24
4706 12
4707 17
4708 14
4709 18
4710 35
4711 7
4712 20
4713 18
4714 17
4715 21
4716 16
4717 22
4718 9
4719 15
4720 3
4721 15
4722 15
4723 19
4724 19
4725 15
4726 13
4727 15
4728 8
4729 14
4730 16
4731 18
4732 14
4733 21
4734 17
4735 11
4736 19
4737 7
4738 17
4739 24
4740 16
4741 9
4742 18
4743 15
4744 6
4745 29
4746 17
4747 9
4748 4
4749 16
4750 19
4751 7
4752 18
4753 16
4754 19
4755 14
4756 22
4757 9
4758 25
4759 24
4760 26
4761 8
4762 15
4763 16
4764 17
4765 18
4766 11
4767 21
4768 6
4769 13
4770 19
4771 12
4772 14
4773 15
4774 16
4775 23
4776 10
4777 15
4778 15
4779 25
4780 6
4781 22
4782 19
4783 11
4784 16
4785 12
4786 16
4787 21
4788 16
4789 21
4790 29
4791 9
4792 16
4793 18
4794 20
4795 5
4796 10
4797 20
4798 14
4799 19
4800 13
4801 19
4802 13
4803 8
4804 14
4805 13
4806 16
4807 16
4808 18
4809 25
4810 11
4811 17
4812 10
4813 14
4814 14
4815 5
4816 6
4817 14
4818 16
4819 21
4820 19
4821 7
4822 14
4823 20
4824 19
4825 21
4826 16
4827 20
4828 14
4829 11
4830 26
4831 17
4832 7
4833 7
4834 6
4835 12
4836 20
4837 20
4838 7
4839 22
4840 16
4841 11
4842 10
4843 16
4844 19
4845 18
4846 18
4847 15
4848 18
4849 5
4850 8
4851 12
4852 11
4853 22
4854 13
4855 18
4856 16
4857 21
4858 15
4859 17
4860 11
4861 13
4862 3
4863 27
4864 8
4865 18
4866 23
4867 10
4868 7
4869 18
4870 7
4871 21
4872 24
4873 6
4874 14
4875 15
4876 16
4877 20
4878 20
4879 9
4880 6
4881 11
4882 17
4883 10
4884 5
4885 20
4886 13
4887 12
4888 13
4889 12
4890 4
4891 18
4892 11
4893 11
4894 5
4895 22
4896 4
4897 17
4898 19
4899 10
4900 19
4901 5
4902 24
4903 16
4904 12
4905 19
4906 11
4907 22
4908 27
4909 15
4910 23
4911 11
4912 3
4913 13
4914 7
4915 16
4916 14
4917 18
4918 12
4919 7
4920 18
4921 13
4922 22
4923 21
4924 19
4925 14
4926 14
4927 18
4928 19
4929 11
4930 30
4931 24
4932 7
4933 19
4934 14
4935 21
4936 18
4937 10
4938 24
4939 4
4940 13
4941 20
4942 16
4943 11
4944 4
4945 21
4946 19
4947 9
4948 22
4949 11
4950 19
4951 27
4952 26
4953 12
4954 22
4955 18
4956 18
4957 26
4958 17
4959 15
4960 30
4961 9
4962 21
4963 31
4964 16
4965 20
4966 15
4967 12
4968 23
4969 22
4970 10
4971 25
4972 15
4973 12
4974 18
4975 11
4976 20
4977 7
4978 13
4979 13
4980 17
4981 2
4982 14
4983 20
4984 8
4985 6
4986 6
4987 11
4988 19
4989 22
4990 20
4991 19
4992 11
4993 15
4994 13
4995 12
4996 14
4997 12
4998 13
4999 7
5000 8
5001 15
