0 42
1 19
2 9
3 6
4 13
5 7
6 12
7 8
8 16
9 8
10 20
11 27
12 12
13 17
14 7
15 14
16 11
17 23
18 1
19 16
20 6
21 24
22 10
23 15
24 7
25 6
26 15
27 6
28 4
29 16
30 8
31 17
32 8
33 6
34 10
35 22
36 11
37 3
38 8
39 0
40 13
41 12
42 6
43 6
44 12
45 3
46 9
47 6
48 20
49 13
50 7
51 15
52 10
53 12
54 12
55 12
56 8
57 17
58 8
59 9
60 19
61 28
62 13
63 8
64 9
65 12
66 17
67 16
68 8
69 9
70 10
71 17
72 12
73 7
74 14
75 14
76 1
77 9
78 22
79 15
80 8
81 10
82 7
83 20
84 16
85 5
86 12
87 5
88 16
89 19
90 10
91 20
92 3
93 18
94 13
95 13
96 4
97 7
98 9
99 8
100 11
101 6
102 6
103 13
104 7
105 11
106 11
107 16
108 16
109 4
110 4
111 15
112 13
113 22
114 13
115 14
116 13
117 17
118 14
119 26
120 8
121 6
122 10
123 10
124 14
125 12
126 7
127 17
128 2
129 12
130 21
131 8
132 11
133 1
134 10
135 17
136 14
137 7
138 12
139 14
140 20
141 18
142 7
143 17
144 16
145 6
146 18
147 9
148 8
149 15
150 9
151 10
152 18
153 13
154 19
155 18
156 13
157 19
158 14
159 16
160 12
161 9
162 15
163 15
164 15
165 10
166 10
167 15
168 12
169 16
170 3
171 10
172 17
173 11
174 14
175 8
176 10
177 16
178 11
179 10
180 10
181 11
182 24
183 19
184 8
185 15
186 24
187 17
188 16
189 24
190 11
191 25
192 6
193 11
194 4
195 12
196 8
197 12
198 24
199 19
200 15
201 22
202 17
203 12
204 12
205 15
206 12
207 12
208 8
209 13
210 9
211 30
212 8
213 5
214 11
215 28
216 13
217 20
218 10
219 13
220 11
221 7
222 6
223 4
224 7
225 3
226 21
227 7
228 9
229 20
230 16
231 8
232 7
233 9
234 8
235 10
236 2
237 13
238 22
239 7
240 14
241 18
242 7
243 10
244 5
245 13
246 19
247 12
248 16
249 13
250 16
251 19
252 13
253 15
254 15
255 5
256 9
257 7
258 15
259 5
260 2
261 23
262 11
263 15
264 13
265 9
266 10
267 13
268 10
269 8
270 13
271 9
272 9
273 15
274 7
275 8
276 13
277 15
278 20
279 16
280 13
281 5
282 12
283 18
284 15
285 17
286 20
287 25
288 15
289 11
290 10
291 7
292 8
293 11
294 15
295 11
296 14
297 12
298 12
299 22
300 25
301 10
302 8
303 6
304 15
305 12
306 16
307 24
308 19
309 20
310 9
311 14
312 21
313 23
314 18
315 6
316 13
317 9
318 18
319 17
320 28
321 6
322 7
323 20
324 16
325 14
326 9
327 14
328 12
329 6
330 10
331 17
332 9
333 15
334 22
335 15
336 8
337 7
338 10
339 11
340 2
341 18
342 29
343 3
344 21
345 6
346 16
347 14
348 9
349 12
350 12
351 8
352 16
353 10
354 9
355 14
356 6
357 13
358 11
359 7
360 6
361 3
362 11
363 20
364 6
365 23
366 10
367 15
368 21
369 9
370 11
371 13
372 24
373 8
374 9
375 13
376 10
377 17
378 17
379 10
380 4
381 16
382 8
383 5
384 9
385 8
386 8
387 7
388 4
389 7
390 2
391 12
392 21
393 5
394 29
395 6
396 16
397 17
398 2
399 15
400 12
401 14
402 12
403 6
404 16
405 10
406 7
407 0
408 5
409 6
410 5
411 15
412 7
413 7
414 10
415 3
416 6
417 13
418 5
419 6
420 18
421 18
422 18
423 22
424 13
425 10
426 11
427 33
428 16
429 17
430 11
431 32
432 9
433 9
434 16
435 17
436 4
437 12
438 23
439 16
440 7
441 8
442 11
443 11
444 18
445 5
446 9
447 12
448 19
449 18
450 18
451 8
452 15
453 13
454 23
455 15
456 27
457 10
458 6
459 15
460 1
461 10
462 15
463 12
464 12
465 15
466 12
467 6
468 13
469 8
470 4
471 7
472 6
473 19
474 6
475 5
476 13
477 16
478 18
479 6
480 15
481 13
482 13
483 4
484 7
485 19
486 24
487 11
488 10
489 18
490 18
491 11
492 5
493 7
494 15
495 11
496 5
497 16
498 19
499 9
500 11
501 12
502 22
503 13
504 4
505 13
506 13
507 19
508 14
509 2
510 11
511 22
512 6
513 6
514 5
515 2
516 5
517 14
518 2
519 9
520 14
521 9
522 9
523 11
524 18
525 7
526 20
527 16
528 11
529 7
530 13
531 17
532 13
533 15
534 17
535 15
536 18
537 8
538 18
539 26
540 13
541 23
542 12
543 17
544 22
545 8
546 8
547 12
548 5
549 15
550 5
551 7
552 20
553 22
554 23
555 12
556 7
557 7
558 3
559 14
560 9
561 2
562 9
563 16
564 14
565 0
566 4
567 8
568 23
569 1
570 20
571 17
572 15
573 6
574 21
575 17
576 16
577 11
578 5
579 2
580 11
581 16
582 17
583 10
584 4
585 11
586 13
587 8
588 7
589 4
590 12
591 3
592 6
593 10
594 12
595 15
596 5
597 7
598 0
599 14
600 24
601 10
602 5
603 17
604 21
605 22
606 19
607 23
608 6
609 12
610 10
611 13
612 9
613 20
614 10
615 26
616 9
617 10
618 11
619 9
620 14
621 9
622 18
623 9
624 14
625 14
626 10
627 28
628 12
629 7
630 7
631 20
632 14
633 4
634 6
635 9
636 5
637 13
638 11
639 17
640 2
641 8
642 7
643 7
644 9
645 3
646 8
647 8
648 9
649 12
650 15
651 11
652 11
653 0
654 4
655 17
656 14
657 11
658 10
659 8
660 7
661 8
662 6
663 19
664 13
665 14
666 16
667 16
668 4
669 22
670 7
671 17
672 4
673 5
674 11
675 17
676 15
677 12
678 6
679 14
680 1
681 8
682 23
683 17
684 22
685 3
686 4
687 21
688 17
689 6
690 10
691 9
692 21
693 17
694 15
695 17
696 10
697 28
698 6
699 8
700 10
701 18
702 12
703 10
704 4
705 12
706 4
707 7
708 16
709 17
710 8
711 3
712 22
713 5
714 16
715 27
716 25
717 8
718 14
719 5
720 14
721 24
722 11
723 16
724 9
725 13
726 9
727 21
728 7
729 9
730 12
731 11
732 15
733 13
734 17
735 15
736 19
737 12
738 16
739 11
740 16
741 11
742 28
743 14
744 16
745 14
746 15
747 20
748 7
749 17
750 7
751 12
752 6
753 7
754 6
755 5
756 16
757 14
758 6
759 16
760 2
761 13
762 16
763 3
764 23
765 17
766 14
767 28
768 11
769 6
770 19
771 7
772 10
773 20
774 13
775 11
776 8
777 16
778 5
779 13
780 13
781 7
782 15
783 16
784 3
785 37
786 9
787 20
788 11
789 14
790 18
791 7
792 14
793 11
794 12
795 12
796 21
797 10
798 12
799 24
800 22
801 11
802 19
803 13
804 6
805 6
806 10
807 5
808 11
809 12
810 23
811 16
812 18
813 7
814 13
815 13
816 14
817 11
818 15
819 6
820 10
821 21
822 15
823 10
824 16
825 16
826 3
827 13
828 9
829 22
830 15
831 15
832 9
833 8
834 8
835 11
836 8
837 8
838 9
839 17
840 16
841 17
842 20
843 8
844 21
845 21
846 10
847 15
848 18
849 18
850 20
851 12
852 12
853 4
854 12
855 8
856 12
857 11
858 23
859 18
860 7
861 16
862 32
863 15
864 17
865 6
866 21
867 15
868 12
869 10
870 6
871 15
872 10
873 18
874 6
875 25
876 11
877 12
878 25
879 10
880 10
881 11
882 19
883 10
884 25
885 15
886 6
887 7
888 12
889 16
890 0
891 19
892 6
893 18
894 10
895 21
896 3
897 11
898 8
899 11
900 3
901 8
902 14
903 10
904 9
905 8
906 36
907 5
908 13
909 10
910 10
911 10
912 11
913 15
914 3
915 9
916 6
917 5
918 6
919 2
920 0
921 3
922 15
923 10
924 27
925 16
926 6
927 4
928 8
929 18
930 16
931 12
932 9
933 11
934 5
935 26
936 10
937 3
938 11
939 5
940 6
941 7
942 10
943 18
944 14
945 11
946 18
947 2
948 16
949 4
950 2
951 6
952 16
953 13
954 14
955 11
956 21
957 23
958 10
959 15
960 9
961 11
962 21
963 16
964 7
965 10
966 13
967 11
968 10
969 3
970 7
971 4
972 10
973 8
974 3
975 12
976 11
977 4
978 11
979 7
980 5
981 6
982 13
983 19
984 13
985 12
986 6
987 6
988 7
989 19
990 10
991 14
992 8
993 10
994 15
995 18
996 9
997 12
998 6
999 5
1000 8
1001 13
1002 9
1003 6
1004 4
1005 3
1006 15
1007 4
1008 6
1009 18
1010 7
1011 10
1012 19
1013 9
1014 13
1015 9
1016 5
1017 16
1018 12
1019 5
1020 7
1021 9
1022 8
1023 13
1024 15
1025 10
1026 3
1027 15
1028 20
1029 15
1030 10
1031 12
1032 8
1033 0
1034 13
1035 19
1036 6
1037 5
1038 22
1039 11
1040 3
1041 10
1042 13
1043 22
1044 15
1045 4
1046 14
1047 14
1048 15
1049 12
1050 19
1051 11
1052 14
1053 13
1054 15
1055 16
1056 15
1057 5
1058 27
1059 16
1060 18
1061 10
1062 13
1063 16
1064 12
1065 16
1066 15
1067 2
1068 10
1069 15
1070 11
1071 14
1072 0
1073 23
1074 7
1075 28
1076 14
1077 12
1078 7
1079 9
1080 17
1081 7
1082 12
1083 2
1084 7
1085 5
1086 8
1087 11
1088 8
1089 11
1090 6
1091 19
1092 9
1093 12
1094 14
1095 15
1096 24
1097 16
1098 9
1099 8
1100 12
1101 16
1102 21
1103 12
1104 5
1105 5
1106 6
1107 20
1108 6
1109 9
1110 6
1111 5
1112 7
1113 24
1114 20
1115 5
1116 6
1117 9
1118 5
1119 4
1120 13
1121 16
1122 6
1123 22
1124 12
1125 14
1126 8
1127 10
1128 21
1129 12
1130 5
1131 11
1132 2
1133 14
1134 20
1135 23
1136 8
1137 16
1138 4
1139 12
1140 16
1141 16
1142 4
1143 23
1144 7
1145 6
1146 17
1147 0
1148 5
1149 10
1150 4
1151 10
1152 18
1153 4
1154 16
1155 7
1156 28
1157 18
1158 21
1159 8
1160 18
1161 11
1162 18
1163 3
1164 16
1165 7
1166 16
1167 6
1168 22
1169 15
1170 17
1171 2
1172 13
1173 7
1174 10
1175 20
1176 15
1177 21
1178 20
1179 17
1180 3
1181 13
1182 10
1183 12
1184 7
1185 14
1186 14
1187 22
1188 11
1189 17
1190 7
1191 20
1192 13
1193 24
1194 9
1195 6
1196 2
1197 19
1198 10
1199 25
1200 16
1201 20
1202 18
1203 4
1204 12
1205 7
1206 9
1207 10
1208 5
1209 18
1210 11
1211 5
1212 3
1213 10
1214 33
1215 20
1216 24
1217 19
1218 12
1219 20
1220 15
1221 24
1222 13
1223 13
1224 22
1225 8
1226 8
1227 3
1228 15
1229 6
1230 8
1231 13
1232 15
1233 5
1234 24
1235 15
1236 16
1237 13
1238 11
1239 16
1240 10
1241 11
1242 20
1243 7
1244 30
1245 11
1246 17
1247 16
1248 1
1249 8
1250 8
1251 16
1252 11
1253 0
1254 9
1255 12
1256 13
1257 7
1258 5
1259 9
1260 8
1261 14
1262 8
1263 11
1264 5
1265 12
1266 10
1267 23
1268 20
1269 10
1270 17
1271 13
1272 14
1273 9
1274 10
1275 14
1276 18
1277 11
1278 24
1279 21
1280 9
1281 13
1282 25
1283 9
1284 6
1285 16
1286 11
1287 26
1288 2
1289 7
1290 17
1291 5
1292 15
1293 15
1294 25
1295 23
1296 13
1297 9
1298 12
1299 7
1300 7
1301 8
1302 5
1303 15
1304 15
1305 12
1306 11
1307 3
1308 17
1309 14
1310 10
1311 20
1312 9
1313 9
1314 12
1315 16
1316 9
1317 6
1318 14
1319 7
1320 12
1321 19
1322 13
1323 12
1324 8
1325 21
1326 5
1327 11
1328 15
1329 17
1330 4
1331 15
1332 16
1333 17
1334 8
1335 26
1336 12
1337 20
1338 22
1339 7
1340 18
1341 20
1342 16
1343 6
1344 12
1345 11
1346 13
1347 13
1348 6
1349 10
1350 21
1351 11
1352 16
1353 19
1354 7
1355 18
1356 14
1357 4
1358 13
1359 4
1360 6
1361 6
1362 14
1363 4
1364 4
1365 5
1366 8
1367 10
1368 18
1369 21
1370 20
1371 16
1372 26
1373 6
1374 8
1375 18
1376 11
1377 13
1378 18
1379 8
1380 12
1381 5
1382 8
1383 19
1384 14
1385 19
1386 14
1387 12
1388 0
1389 12
1390 9
1391 6
1392 17
1393 9
1394 17
1395 8
1396 17
1397 14
1398 9
1399 9
1400 6
1401 5
1402 15
1403 19
1404 26
1405 18
1406 3
1407 8
1408 5
1409 17
1410 16
1411 5
1412 17
1413 5
1414 12
1415 7
1416 17
1417 29
1418 18
1419 11
1420 17
1421 22
1422 18
1423 19
1424 11
1425 16
1426 7
1427 19
1428 13
1429 24
1430 11
1431 22
1432 28
1433 9
1434 12
1435 18
1436 16
1437 11
1438 16
1439 9
1440 15
1441 14
1442 19
1443 15
1444 4
1445 13
1446 14
1447 17
1448 8
1449 17
1450 23
1451 21
1452 16
1453 9
1454 9
1455 0
1456 17
1457 4
1458 6
1459 19
1460 8
1461 6
1462 3
1463 10
1464 5
1465 16
1466 16
1467 12
1468 10
1469 14
1470 9
1471 10
1472 7
1473 14
1474 27
1475 19
1476 19
1477 13
1478 9
1479 9
1480 6
1481 6
1482 18
1483 15
1484 17
1485 7
1486 20
1487 16
1488 8
1489 9
1490 18
1491 9
1492 16
1493 31
1494 7
1495 14
1496 14
1497 16
1498 16
1499 17
1500 7
1501 20
1502 19
1503 11
1504 16
1505 12
1506 14
1507 15
1508 19
1509 11
1510 16
1511 14
1512 10
1513 12
1514 4
1515 11
1516 4
1517 5
1518 17
1519 14
1520 10
1521 3
1522 10
1523 9
1524 1
1525 7
1526 2
1527 7
1528 7
1529 8
1530 1
1531 7
1532 11
1533 17
1534 0
1535 11
1536 8
1537 9
1538 6
1539 14
1540 10
1541 9
1542 2
1543 6
1544 5
1545 4
1546 8
1547 9
1548 5
1549 19
1550 10
1551 5
1552 20
1553 17
1554 1
1555 16
1556 4
1557 5
1558 2
1559 8
1560 9
1561 9
1562 6
1563 2
1564 13
1565 5
1566 15
1567 5
1568 4
1569 9
1570 5
1571 2
1572 3
1573 4
1574 6
1575 6
1576 11
1577 16
1578 19
1579 19
1580 5
1581 14
1582 9
1583 7
1584 2
1585 2
1586 9
1587 13
1588 7
1589 15
1590 25
1591 7
1592 13
1593 10
1594 11
1595 9
1596 3
1597 7
1598 8
1599 11
1600 9
1601 13
1602 18
1603 14
1604 9
1605 26
1606 8
1607 9
1608 15
1609 7
1610 5
1611 4
1612 4
1613 17
1614 6
1615 16
1616 12
1617 15
1618 19
1619 24
1620 4
1621 0
1622 25
1623 7
1624 5
1625 11
1626 17
1627 13
1628 15
1629 6
1630 4
1631 8
1632 13
1633 7
1634 17
1635 4
1636 16
1637 3
1638 12
1639 9
1640 21
1641 6
1642 11
1643 8
1644 12
1645 16
1646 10
1647 7
1648 6
1649 4
1650 12
1651 13
1652 8
1653 13
1654 11
1655 6
1656 8
1657 7
1658 4
1659 9
1660 18
1661 25
1662 17
1663 15
1664 0
1665 17
1666 8
1667 12
1668 7
1669 6
1670 11
1671 7
1672 18
1673 16
1674 7
1675 13
1676 11
1677 6
1678 3
1679 25
1680 11
1681 14
1682 12
1683 8
1684 12
1685 19
1686 12
1687 4
1688 8
1689 10
1690 24
1691 8
1692 11
1693 13
1694 13
1695 18
1696 6
1697 18
1698 13
1699 16
1700 4
1701 17
1702 17
1703 25
1704 13
1705 15
1706 11
1707 10
1708 7
1709 12
1710 14
1711 17
1712 17
1713 15
1714 14
1715 13
1716 16
1717 12
1718 25
1719 16
1720 13
1721 7
1722 9
1723 10
1724 11
1725 5
1726 1
1727 19
1728 13
1729 8
1730 11
1731 6
1732 6
1733 5
1734 7
1735 17
1736 11
1737 14
1738 10
1739 15
1740 1
1741 1
1742 7
1743 15
1744 4
1745 4
1746 6
1747 1
1748 18
1749 8
1750 11
1751 9
1752 6
1753 5
1754 8
1755 6
1756 8
1757 3
1758 8
1759 12
1760 5
1761 5
1762 10
1763 11
1764 13
1765 15
1766 20
1767 15
1768 14
1769 6
1770 12
1771 0
1772 11
1773 10
1774 9
1775 13
1776 8
1777 15
1778 7
1779 13
1780 1
1781 10
1782 6
1783 8
1784 15
1785 20
1786 6
1787 4
1788 5
1789 9
1790 24
1791 26
1792 25
1793 13
1794 19
1795 21
1796 14
1797 25
1798 12
1799 12
1800 18
1801 13
1802 9
1803 12
1804 13
1805 19
1806 21
1807 18
1808 18
1809 9
1810 14
1811 5
1812 20
1813 7
1814 6
1815 12
1816 19
1817 12
1818 14
1819 15
1820 17
1821 24
1822 8
1823 16
1824 13
1825 16
1826 25
1827 7
1828 18
1829 5
1830 34
1831 22
1832 21
1833 7
1834 16
1835 16
1836 12
1837 16
1838 17
1839 23
1840 15
1841 16
1842 19
1843 9
1844 5
1845 9
1846 16
1847 7
1848 9
1849 4
1850 13
1851 8
1852 9
1853 2
1854 12
1855 11
1856 12
1857 17
1858 4
1859 20
1860 3
1861 9
1862 13
1863 10
1864 11
1865 29
1866 18
1867 8
1868 12
1869 8
1870 17
1871 6
1872 5
1873 13
1874 14
1875 8
1876 10
1877 15
1878 8
1879 12
1880 13
1881 13
1882 14
1883 16
1884 9
1885 17
1886 26
1887 13
1888 25
1889 4
1890 12
1891 2
1892 8
1893 9
1894 9
1895 6
1896 9
1897 17
1898 9
1899 14
1900 15
1901 11
1902 10
1903 7
1904 16
1905 11
1906 18
1907 13
1908 9
1909 19
1910 6
1911 26
1912 11
1913 19
1914 17
1915 4
1916 10
1917 10
1918 8
1919 6
1920 11
1921 4
1922 20
1923 15
1924 5
1925 11
1926 10
1927 16
1928 19
1929 14
1930 8
1931 10
1932 15
1933 11
1934 16
1935 11
1936 8
1937 9
1938 3
1939 23
1940 14
1941 15
1942 12
1943 19
1944 13
1945 13
1946 6
1947 14
1948 10
1949 18
1950 15
1951 18
1952 2
1953 17
1954 7
1955 3
1956 10
1957 9
1958 4
1959 22
1960 5
1961 14
1962 14
1963 12
1964 24
1965 10
1966 6
1967 4
1968 6
1969 9
1970 10
1971 7
1972 10
1973 18
1974 14
1975 14
1976 16
1977 6
1978 15
1979 23
1980 17
1981 2
1982 14
1983 13
1984 14
1985 24
1986 16
1987 9
1988 14
1989 11
1990 7
1991 5
1992 8
1993 9
1994 9
1995 22
1996 9
1997 17
1998 6
1999 15
2000 16
2001 24
2002 17
2003 6
2004 10
2005 3
2006 16
2007 14
2008 15
2009 8
2010 6
2011 13
2012 25
2013 15
2014 19
2015 26
2016 5
2017 18
2018 13
2019 10
2020 15
2021 22
2022 7
2023 20
2024 17
2025 15
2026 11
2027 26
2028 19
2029 22
2030 7
2031 25
2032 17
2033 9
2034 20
2035 18
2036 13
2037 18
2038 10
2039 18
2040 20
2041 12
2042 14
2043 8
2044 13
2045 3
2046 5
2047 16
2048 15
2049 10
2050 6
2051 3
2052 14
2053 17
2054 24
2055 10
2056 11
2057 12
2058 8
2059 13
2060 13
2061 13
2062 2
2063 13
2064 11
2065 22
2066 12
2067 6
2068 10
2069 2
2070 14
2071 9
2072 8
2073 8
2074 5
2075 14
2076 8
2077 2
2078 10
2079 9
2080 13
2081 7
2082 10
2083 19
2084 5
2085 15
2086 17
2087 1
2088 3
2089 16
2090 5
2091 17
2092 7
2093 9
2094 8
2095 10
2096 13
2097 2
2098 13
2099 18
2100 13
2101 11
2102 7
2103 5
2104 17
2105 15
2106 11
2107 10
2108 9
2109 5
2110 15
2111 14
2112 5
2113 5
2114 17
2115 11
2116 14
2117 9
2118 13
2119 9
2120 22
2121 7
2122 14
2123 11
2124 7
2125 9
2126 6
2127 6
2128 10
2129 15
2130 13
2131 3
2132 4
2133 9
2134 10
2135 22
2136 15
2137 10
2138 14
2139 7
2140 15
2141 12
2142 14
2143 14
2144 10
2145 9
2146 8
2147 10
2148 8
2149 20
2150 0
2151 8
2152 9
2153 17
2154 5
2155 5
2156 7
2157 12
2158 9
2159 7
2160 5
2161 18
2162 7
2163 7
2164 1
2165 4
2166 5
2167 16
2168 15
2169 9
2170 16
2171 4
2172 5
2173 6
2174 5
2175 5
2176 4
2177 10
2178 9
2179 12
2180 10
2181 19
2182 11
2183 12
2184 10
2185 14
2186 5
2187 10
2188 8
2189 2
2190 6
2191 10
2192 7
2193 16
2194 18
2195 13
2196 19
2197 14
2198 11
2199 10
2200 9
2201 8
2202 10
2203 5
2204 5
2205 11
2206 5
2207 17
2208 5
2209 11
2210 14
2211 13
2212 11
2213 12
2214 11
2215 3
2216 4
2217 21
2218 5
2219 3
2220 9
2221 7
2222 14
2223 23
2224 10
2225 18
2226 17
2227 15
2228 12
2229 18
2230 17
2231 7
2232 10
2233 9
2234 14
2235 16
2236 17
2237 25
2238 24
2239 12
2240 6
2241 12
2242 16
2243 10
2244 13
2245 12
2246 17
2247 16
2248 13
2249 2
2250 16
2251 15
2252 14
2253 13
2254 11
2255 23
2256 15
2257 4
2258 21
2259 16
2260 7
2261 21
2262 14
2263 14
2264 18
2265 23
2266 7
2267 11
2268 13
2269 17
2270 17
2271 18
2272 11
2273 9
2274 7
2275 4
2276 22
2277 8
2278 20
2279 14
2280 22
2281 15
2282 18
2283 10
2284 13
2285 20
2286 17
2287 11
2288 14
2289 7
2290 18
2291 5
2292 4
2293 17
2294 5
2295 13
2296 8
2297 18
2298 20
2299 18
2300 20
2301 16
2302 18
2303 24
2304 16
2305 16
2306 17
2307 22
2308 16
2309 14
2310 18
2311 8
2312 6
2313 9
2314 17
2315 5
2316 11
2317 21
2318 9
2319 13
2320 22
2321 18
2322 4
2323 18
2324 17
2325 15
2326 6
2327 13
2328 16
2329 10
2330 9
2331 13
2332 16
2333 15
2334 13
2335 16
2336 9
2337 10
2338 21
2339 9
2340 11
2341 7
2342 10
2343 16
2344 9
2345 13
2346 15
2347 20
2348 16
2349 7
2350 1
2351 19
2352 20
2353 24
2354 3
2355 22
2356 11
2357 8
2358 9
2359 6
2360 20
2361 7
2362 19
2363 13
2364 19
2365 8
2366 27
2367 12
2368 28
2369 12
2370 20
2371 4
2372 30
2373 17
2374 14
2375 12
2376 11
2377 16
2378 12
2379 13
2380 15
2381 20
2382 11
2383 20
2384 14
2385 6
2386 13
2387 12
2388 13
2389 8
2390 10
2391 7
2392 9
2393 4
2394 10
2395 15
2396 26
2397 11
2398 16
2399 3
2400 8
2401 20
2402 13
2403 10
2404 10
2405 27
2406 7
2407 8
2408 15
2409 14
2410 20
2411 4
2412 10
2413 1
2414 10
2415 18
2416 16
2417 11
2418 8
2419 8
2420 8
2421 13
2422 19
2423 8
2424 16
2425 8
2426 3
2427 8
2428 17
2429 5
2430 6
2431 2
2432 19
2433 12
2434 11
2435 7
2436 8
2437 17
2438 21
2439 12
2440 13
2441 10
2442 14
2443 8
2444 9
2445 12
2446 11
2447 2
2448 11
2449 9
2450 4
2451 9
2452 8
2453 8
2454 16
2455 10
2456 17
2457 9
2458 6
2459 26
2460 7
2461 7
2462 8
2463 12
2464 10
2465 10
2466 8
2467 2
2468 14
2469 11
2470 4
2471 12
2472 10
2473 7
2474 6
2475 11
2476 11
2477 18
2478 13
2479 8
2480 6
2481 12
2482 10
2483 3
2484 16
2485 6
2486 19
2487 26
2488 8
2489 11
2490 14
2491 5
2492 5
2493 9
2494 22
2495 18
2496 16
2497 3
2498 10
2499 11
2500 17
2501 18
2502 23
2503 14
2504 8
2505 4
2506 10
2507 17
2508 14
2509 9
2510 6
2511 23
2512 10
2513 26
2514 6
2515 10
2516 7
2517 16
2518 9
2519 10
2520 8
2521 3
2522 6
2523 4
2524 15
2525 5
2526 6
2527 9
2528 16
2529 3
2530 2
2531 11
2532 8
2533 10
2534 6
2535 11
2536 7
2537 4
2538 8
2539 10
2540 13
2541 7
2542 17
2543 19
2544 9
2545 13
2546 16
2547 10
2548 12
2549 2
2550 0
2551 12
2552 14
2553 12
2554 11
2555 8
2556 23
2557 4
2558 6
2559 6
2560 1
2561 6
2562 3
2563 11
2564 16
2565 0
2566 7
2567 10
2568 8
2569 12
2570 6
2571 2
2572 6
2573 5
2574 8
2575 26
2576 21
2577 15
2578 14
2579 2
2580 6
2581 14
2582 15
2583 18
2584 7
2585 6
2586 9
2587 8
2588 6
2589 20
2590 8
2591 13
2592 21
2593 18
2594 14
2595 1
2596 5
2597 5
2598 24
2599 8
2600 15
2601 4
2602 12
2603 11
2604 4
2605 8
2606 15
2607 13
2608 6
2609 9
2610 18
2611 19
2612 16
2613 7
2614 3
2615 3
2616 8
2617 23
2618 9
2619 26
2620 14
2621 23
2622 3
2623 4
2624 6
2625 2
2626 14
2627 26
2628 23
2629 17
2630 11
2631 28
2632 13
2633 12
2634 5
2635 17
2636 18
2637 4
2638 19
2639 4
2640 8
2641 22
2642 16
2643 14
2644 12
2645 10
2646 13
2647 16
2648 19
2649 14
2650 8
2651 3
2652 9
2653 15
2654 10
2655 27
2656 7
2657 19
2658 13
2659 22
2660 11
2661 14
2662 9
2663 6
2664 7
2665 7
2666 11
2667 27
2668 19
2669 19
2670 8
2671 0
2672 8
2673 13
2674 13
2675 13
2676 16
2677 12
2678 17
2679 10
2680 14
2681 7
2682 19
2683 8
2684 10
2685 12
2686 19
2687 16
2688 15
2689 18
2690 5
2691 6
2692 9
2693 12
2694 20
2695 12
2696 2
2697 4
2698 6
2699 2
2700 11
2701 9
2702 9
2703 14
2704 22
2705 14
2706 3
2707 7
2708 20
2709 10
2710 8
2711 8
2712 7
2713 9
2714 21
2715 4
2716 10
2717 11
2718 9
2719 17
2720 25
2721 10
2722 23
2723 15
2724 10
2725 14
2726 6
2727 13
2728 2
2729 5
2730 7
2731 18
2732 21
2733 24
2734 8
2735 10
2736 12
2737 14
2738 21
2739 8
2740 14
2741 16
2742 4
2743 12
2744 5
2745 6
2746 23
2747 14
2748 11
2749 10
2750 14
2751 17
2752 14
2753 0
2754 7
2755 19
2756 10
2757 18
2758 7
2759 24
2760 12
2761 9
2762 11
2763 13
2764 21
2765 15
2766 7
2767 15
2768 8
2769 10
2770 4
2771 18
2772 8
2773 6
2774 5
2775 10
2776 10
2777 10
2778 12
2779 2
2780 18
2781 2
2782 14
2783 14
2784 17
2785 9
2786 17
2787 16
2788 19
2789 13
2790 3
2791 10
2792 11
2793 4
2794 3
2795 20
2796 19
2797 15
2798 4
2799 4
2800 15
2801 11
2802 8
2803 9
2804 14
2805 8
2806 8
2807 9
2808 5
2809 25
2810 5
2811 8
2812 19
2813 9
2814 5
2815 11
2816 7
2817 12
2818 22
2819 9
2820 13
2821 8
2822 12
2823 16
2824 14
2825 14
2826 16
2827 11
2828 9
2829 12
2830 9
2831 18
2832 16
2833 9
2834 8
2835 18
2836 10
2837 18
2838 22
2839 13
2840 18
2841 11
2842 14
2843 23
2844 7
2845 17
2846 10
2847 11
2848 28
2849 22
2850 21
2851 15
2852 10
2853 9
2854 26
2855 9
2856 14
2857 2
2858 18
2859 8
2860 24
2861 9
2862 16
2863 22
2864 11
2865 19
2866 3
2867 11
2868 10
2869 11
2870 17
2871 12
2872 8
2873 4
2874 19
2875 11
2876 18
2877 8
2878 18
2879 22
2880 7
2881 19
2882 21
2883 10
2884 8
2885 4
2886 8
2887 13
2888 8
2889 1
2890 5
2891 13
2892 10
2893 14
2894 7
2895 9
2896 13
2897 10
2898 12
2899 9
2900 25
2901 27
2902 18
2903 0
2904 8
2905 8
2906 18
2907 8
2908 18
2909 12
2910 14
2911 18
2912 19
2913 8
2914 23
2915 17
2916 14
2917 7
2918 19
2919 17
2920 7
2921 24
2922 12
2923 16
2924 21
2925 9
2926 2
2927 11
2928 14
2929 13
2930 10
2931 11
2932 16
2933 16
2934 17
2935 15
2936 17
2937 13
2938 6
2939 14
2940 2
2941 4
2942 29
2943 4
2944 6
2945 14
2946 12
2947 3
2948 17
2949 21
2950 8
2951 17
2952 4
2953 16
2954 20
2955 18
2956 12
2957 13
2958 11
2959 4
2960 20
2961 16
2962 6
2963 18
2964 7
2965 15
2966 8
2967 19
2968 12
2969 12
2970 9
2971 23
2972 3
2973 13
2974 14
2975 19
2976 15
2977 11
2978 14
2979 14
2980 31
2981 7
2982 11
2983 4
2984 16
2985 13
2986 6
2987 27
2988 11
2989 14
2990 6
2991 8
2992 17
2993 19
2994 4
2995 15
2996 19
2997 10
2998 7
2999 20
3000 21
3001 7
3002 6
3003 24
3004 11
3005 10
3006 11
3007 5
3008 7
3009 10
3010 9
3011 4
3012 21
3013 6
3014 3
3015 10
3016 11
3017 17
3018 20
3019 8
3020 14
3021 13
3022 13
3023 12
3024 8
3025 10
3026 8
3027 7
3028 14
3029 3
3030 12
3031 20
3032 6
3033 20
3034 8
3035 14
3036 19
3037 16
3038 14
3039 15
3040 7
3041 15
3042 11
3043 8
3044 8
3045 11
3046 13
3047 17
3048 20
3049 9
3050 24
3051 5
3052 10
3053 16
3054 13
3055 0
3056 14
3057 21
3058 19
3059 6
3060 11
3061 11
3062 14
3063 22
3064 11
3065 20
3066 17
3067 10
3068 8
3069 10
3070 10
3071 18
3072 16
3073 23
3074 12
3075 12
3076 7
3077 6
3078 12
3079 17
3080 13
3081 15
3082 23
3083 19
3084 10
3085 14
3086 16
3087 21
3088 25
3089 14
3090 19
3091 17
3092 10
3093 22
3094 8
3095 3
3096 9
3097 7
3098 11
3099 23
3100 19
3101 14
3102 9
3103 13
3104 17
3105 28
3106 8
3107 9
3108 6
3109 13
3110 7
3111 12
3112 2
3113 16
3114 10
3115 15
3116 10
3117 6
3118 16
3119 6
3120 4
3121 4
3122 14
3123 15
3124 10
3125 15
3126 8
3127 1
3128 9
3129 11
3130 6
3131 11
3132 10
3133 11
3134 14
3135 9
3136 3
3137 12
3138 15
3139 20
3140 7
3141 8
3142 18
3143 9
3144 9
3145 15
3146 6
3147 11
3148 9
3149 12
3150 5
3151 9
3152 1
3153 18
3154 4
3155 2
3156 6
3157 14
3158 13
3159 5
3160 5
3161 9
3162 16
3163 24
3164 7
3165 12
3166 19
3167 10
3168 14
3169 11
3170 5
3171 13
3172 11
3173 8
3174 6
3175 9
3176 13
3177 6
3178 10
3179 8
3180 11
3181 4
3182 9
3183 11
3184 10
3185 6
3186 13
3187 5
3188 8
3189 11
3190 12
3191 4
3192 6
3193 18
3194 9
3195 10
3196 10
3197 20
3198 16
3199 16
3200 8
3201 12
3202 13
3203 11
3204 9
3205 4
3206 7
3207 15
3208 3
3209 13
3210 24
3211 18
3212 1
3213 14
3214 13
3215 18
3216 17
3217 28
3218 16
3219 12
3220 18
3221 22
3222 7
3223 15
3224 15
3225 3
3226 11
3227 14
3228 13
3229 13
3230 11
3231 10
3232 20
3233 15
3234 17
3235 18
3236 13
3237 15
3238 3
3239 16
3240 12
3241 4
3242 18
3243 8
3244 17
3245 7
3246 10
3247 15
3248 8
3249 11
3250 19
3251 17
3252 16
3253 28
3254 20
3255 12
3256 21
3257 8
3258 18
3259 34
3260 13
3261 10
3262 5
3263 13
3264 16
3265 5
3266 9
3267 12
3268 14
3269 14
3270 19
3271 18
3272 17
3273 16
3274 12
3275 10
3276 14
3277 5
3278 13
3279 13
3280 18
3281 8
3282 4
3283 15
3284 7
3285 7
3286 20
3287 26
3288 16
3289 7
3290 9
3291 13
3292 8
3293 3
3294 17
3295 15
3296 10
3297 8
3298 18
3299 12
3300 20
3301 6
3302 13
3303 14
3304 14
3305 7
3306 5
3307 13
3308 7
3309 10
3310 11
3311 12
3312 10
3313 33
3314 18
3315 16
3316 16
3317 21
3318 20
3319 25
3320 13
3321 19
3322 25
3323 8
3324 25
3325 17
3326 21
3327 17
3328 15
3329 11
3330 16
3331 11
3332 8
3333 12
3334 14
3335 10
3336 7
3337 4
3338 10
3339 9
3340 10
3341 17
3342 8
3343 15
3344 9
3345 17
3346 9
3347 11
3348 5
3349 16
3350 24
3351 17
3352 14
3353 22
3354 9
3355 15
3356 8
3357 4
3358 10
3359 12
3360 10
3361 15
3362 5
3363 8
3364 16
3365 21
3366 16
3367 7
3368 6
3369 2
3370 7
3371 26
3372 3
3373 13
3374 21
3375 14
3376 19
3377 10
3378 13
3379 8
3380 23
3381 6
3382 2
3383 7
3384 14
3385 7
3386 12
3387 8
3388 21
3389 11
3390 13
3391 15
3392 10
3393 12
3394 14
3395 0
3396 11
3397 14
3398 24
3399 8
3400 9
3401 6
3402 21
3403 12
3404 16
3405 9
3406 33
3407 18
3408 11
3409 10
3410 15
3411 13
3412 13
3413 18
3414 12
3415 20
3416 14
3417 16
3418 13
3419 12
3420 13
3421 11
3422 13
3423 17
3424 5
3425 9
3426 11
3427 10
3428 15
3429 0
3430 6
3431 4
3432 5
3433 12
3434 13
3435 12
3436 14
3437 6
3438 9
3439 9
3440 5
3441 11
3442 11
3443 16
3444 17
3445 18
3446 6
3447 7
3448 24
3449 16
3450 18
3451 22
3452 10
3453 23
3454 8
3455 10
3456 10
3457 17
3458 13
3459 15
3460 13
3461 15
3462 20
3463 31
3464 22
3465 5
3466 4
3467 8
3468 17
3469 13
3470 23
3471 6
3472 20
3473 2
3474 5
3475 8
3476 8
3477 4
3478 12
3479 8
3480 16
3481 15
3482 19
3483 9
3484 13
3485 16
3486 18
3487 15
3488 9
3489 6
3490 20
3491 13
3492 15
3493 8
3494 5
3495 16
3496 20
3497 17
3498 11
3499 13
3500 9
3501 12
3502 2
3503 15
3504 18
3505 14
3506 10
3507 16
3508 9
3509 9
3510 5
3511 7
3512 7
3513 12
3514 12
3515 26
3516 12
3517 22
3518 8
3519 22
3520 10
3521 13
3522 14
3523 15
3524 11
3525 19
3526 11
3527 18
3528 16
3529 15
3530 12
3531 8
3532 6
3533 14
3534 1
3535 22
3536 13
3537 9
3538 15
3539 15
3540 23
3541 15
3542 15
3543 5
3544 7
3545 13
3546 19
3547 14
3548 12
3549 13
3550 9
3551 8
3552 30
3553 4
3554 10
3555 21
3556 5
3557 15
3558 12
3559 21
3560 15
3561 12
3562 13
3563 17
3564 5
3565 10
3566 12
3567 3
3568 25
3569 11
3570 9
3571 7
3572 21
3573 7
3574 18
3575 3
3576 6
3577 14
3578 12
3579 1
3580 9
3581 14
3582 15
3583 11
3584 4
3585 13
3586 4
3587 18
3588 4
3589 6
3590 14
3591 18
3592 12
3593 8
3594 7
3595 24
3596 15
3597 24
3598 9
3599 13
3600 7
3601 8
3602 22
3603 15
3604 18
3605 23
3606 16
3607 10
3608 20
3609 10
3610 18
3611 16
3612 15
3613 17
3614 22
3615 9
3616 13
3617 16
3618 13
3619 16
3620 19
3621 18
3622 14
3623 17
3624 17
3625 17
3626 10
3627 11
3628 16
3629 19
3630 14
3631 20
3632 18
3633 15
3634 16
3635 16
3636 17
3637 31
3638 15
3639 26
3640 12
3641 11
3642 2
3643 11
3644 16
3645 12
3646 23
3647 13
3648 11
3649 22
3650 16
3651 12
3652 10
3653 10
3654 3
3655 14
3656 30
3657 6
3658 6
3659 20
3660 21
3661 14
3662 27
3663 14
3664 14
3665 10
3666 11
3667 16
3668 18
3669 12
3670 18
3671 8
3672 8
3673 15
3674 9
3675 3
3676 21
3677 6
3678 5
3679 6
3680 14
3681 13
3682 12
3683 14
3684 16
3685 8
3686 11
3687 19
3688 13
3689 21
3690 7
3691 15
3692 19
3693 5
3694 10
3695 13
3696 9
3697 12
3698 10
3699 15
3700 9
3701 7
3702 9
3703 16
3704 17
3705 5
3706 21
3707 12
3708 21
3709 8
3710 17
3711 15
3712 22
3713 19
3714 13
3715 18
3716 18
3717 10
3718 16
3719 21
3720 17
3721 13
3722 8
3723 7
3724 19
3725 6
3726 16
3727 22
3728 9
3729 3
3730 12
3731 16
3732 11
3733 15
3734 15
3735 1
3736 11
3737 5
3738 18
3739 0
3740 12
3741 26
3742 13
3743 13
3744 8
3745 6
3746 16
3747 3
3748 19
3749 25
3750 21
3751 17
3752 14
3753 15
3754 24
3755 15
3756 12
3757 17
3758 16
3759 30
3760 15
3761 20
3762 9
3763 7
3764 10
3765 10
3766 14
3767 17
3768 15
3769 8
3770 10
3771 14
3772 13
3773 21
3774 14
3775 14
3776 10
3777 16
3778 16
3779 25
3780 8
3781 3
3782 21
3783 7
3784 13
3785 24
3786 4
3787 12
3788 13
3789 16
3790 10
3791 23
3792 13
3793 10
3794 18
3795 14
3796 15
3797 16
3798 10
3799 23
3800 24
3801 12
3802 14
3803 10
3804 7
3805 14
3806 23
3807 13
3808 17
3809 18
3810 14
3811 16
3812 20
3813 6
3814 11
3815 15
3816 24
3817 15
3818 15
3819 21
3820 20
3821 10
3822 16
3823 19
3824 26
3825 8
3826 17
3827 12
3828 11
3829 19
3830 14
3831 11
3832 12
3833 18
3834 24
3835 3
3836 22
3837 19
3838 13
3839 16
3840 22
3841 20
3842 24
3843 15
3844 20
3845 17
3846 8
3847 29
3848 8
3849 8
3850 9
3851 14
3852 20
3853 21
3854 9
3855 5
3856 13
3857 16
3858 8
3859 22
3860 6
3861 19
3862 14
3863 15
3864 5
3865 23
3866 19
3867 7
3868 16
3869 15
3870 12
3871 12
3872 9
3873 8
3874 11
3875 7
3876 20
3877 13
3878 23
3879 14
3880 22
3881 5
3882 11
3883 9
3884 19
3885 8
3886 15
3887 14
3888 15
3889 28
3890 8
3891 7
3892 17
3893 17
3894 17
3895 18
3896 20
3897 17
3898 13
3899 13
3900 8
3901 14
3902 25
3903 17
3904 4
3905 21
3906 0
3907 12
3908 7
3909 6
3910 5
3911 8
3912 20
3913 14
3914 22
3915 9
3916 17
3917 9
3918 21
3919 18
3920 7
3921 17
3922 19
3923 22
3924 11
3925 9
3926 11
3927 23
3928 15
3929 11
3930 16
3931 20
3932 26
3933 24
3934 10
3935 35
3936 10
3937 8
3938 3
3939 14
3940 23
3941 16
3942 7
3943 14
3944 12
3945 5
3946 7
3947 18
3948 8
3949 8
3950 12
3951 7
3952 2
3953 17
3954 17
3955 22
3956 6
3957 8
3958 13
3959 27
3960 27
3961 13
3962 16
3963 27
3964 26
3965 14
3966 13
3967 14
3968 24
3969 9
3970 4
3971 12
3972 10
3973 19
3974 13
3975 8
3976 10
3977 29
3978 20
3979 19
3980 6
3981 18
3982 14
3983 8
3984 15
3985 14
3986 20
3987 3
3988 15
3989 8
3990 11
3991 17
3992 15
3993 12
3994 11
3995 10
3996 5
3997 23
3998 10
3999 18
4000 12
4001 11
4002 8
4003 19
4004 8
4005 23
4006 19
4007 6
4008 9
4009 24
4010 9
4011 8
4012 4
4013 6
4014 10
4015 20
4016 3
4017 11
4018 12
4019 8
4020 14
4021 13
4022 12
4023 31
4024 22
4025 11
4026 17
4027 12
4028 6
4029 11
4030 11
4031 10
4032 10
4033 6
4034 26
4035 9
4036 8
4037 25
4038 5
4039 10
4040 24
4041 12
4042 15
4043 18
4044 15
4045 8
4046 15
4047 15
4048 16
4049 8
4050 14
4051 8
4052 20
4053 11
4054 16
4055 17
4056 22
4057 6
4058 13
4059 20
4060 25
4061 18
4062 14
4063 28
4064 21
4065 18
4066 3
4067 15
4068 28
4069 21
4070 33
4071 11
4072 15
4073 14
4074 13
4075 6
4076 11
4077 25
4078 17
4079 14
4080 16
4081 5
4082 24
4083 17
4084 25
4085 7
4086 16
4087 21
4088 15
4089 12
4090 21
4091 14
4092 16
4093 16
4094 12
4095 15
4096 14
4097 13
4098 15
4099 12
4100 14
4101 14
4102 17
4103 19
4104 21
4105 8
4106 7
4107 8
4108 18
4109 28
4110 14
4111 27
4112 11
4113 26
4114 8
4115 16
4116 26
4117 17
4118 16
4119 21
4120 11
4121 14
4122 9
4123 13
4124 11
4125 16
4126 16
4127 5
4128 3
4129 19
4130 5
4131 30
4132 23
4133 14
4134 15
4135 9
4136 9
4137 31
4138 20
4139 20
4140 4
4141 20
4142 14
4143 6
4144 1
4145 19
4146 8
4147 18
4148 2
4149 7
4150 6
4151 7
4152 7
4153 20
4154 18
4155 13
4156 11
4157 9
4158 11
4159 15
4160 6
4161 8
4162 22
4163 4
4164 13
4165 9
4166 6
4167 19
4168 13
4169 9
4170 10
4171 17
4172 20
4173 18
4174 7
4175 13
4176 8
4177 12
4178 9
4179 18
4180 13
4181 23
4182 13
4183 8
4184 20
4185 12
4186 15
4187 14
4188 16
4189 3
4190 14
4191 20
4192 23
4193 13
4194 16
4195 5
4196 20
4197 7
4198 12
4199 1
4200 14
4201 19
4202 8
4203 20
4204 25
4205 13
4206 8
4207 9
4208 24
4209 12
4210 7
4211 17
4212 15
4213 16
4214 19
4215 23
4216 15
4217 16
4218 13
4219 6
4220 16
4221 6
4222 3
4223 4
4224 9
4225 18
4226 8
4227 14
4228 11
4229 4
4230 10
4231 13
4232 5
4233 11
4234 26
4235 18
4236 17
4237 23
4238 17
4239 19
4240 10
4241 11
4242 18
4243 21
4244 13
4245 11
4246 22
4247 24
4248 15
4249 20
4250 22
4251 9
4252 12
4253 14
4254 11
4255 10
4256 17
4257 17
4258 11
4259 10
4260 10
4261 13
4262 8
4263 20
4264 19
4265 18
4266 28
4267 5
4268 17
4269 14
4270 10
4271 17
4272 4
4273 10
4274 13
4275 22
4276 10
4277 23
4278 12
4279 13
4280 15
4281 14
4282 11
4283 16
4284 13
4285 25
4286 20
4287 13
4288 14
4289 13
4290 5
4291 11
4292 11
4293 1
4294 15
4295 7
4296 15
4297 8
4298 17
4299 7
4300 19
4301 20
4302 26
4303 11
4304 12
4305 13
4306 19
4307 5
4308 13
4309 8
4310 8
4311 20
4312 14
4313 15
4314 19
4315 12
4316 6
4317 20
4318 6
4319 18
4320 7
4321 15
4322 15
4323 18
4324 21
4325 14
4326 14
4327 16
4328 11
4329 16
4330 9
4331 30
4332 26
4333 9
4334 5
4335 11
4336 14
4337 29
4338 14
4339 14
4340 7
4341 14
4342 11
4343 16
4344 10
4345 15
4346 10
4347 12
4348 16
4349 15
4350 13
4351 15
4352 13
4353 16
4354 10
4355 18
4356 12
4357 20
4358 10
4359 12
4360 14
4361 15
4362 9
4363 12
4364 17
4365 9
4366 6
4367 17
4368 19
4369 13
4370 8
4371 15
4372 7
4373 19
4374 14
4375 12
4376 17
4377 19
4378 10
4379 17
4380 11
4381 22
4382 17
4383 8
4384 20
4385 15
4386 7
4387 7
4388 12
4389 16
4390 8
4391 22
4392 5
4393 7
4394 3
4395 15
4396 5
4397 4
4398 6
4399 7
4400 9
4401 10
4402 7
4403 6
4404 12
4405 10
4406 8
4407 8
4408 22
4409 30
4410 17
4411 22
4412 20
4413 11
4414 4
4415 20
4416 12
4417 6
4418 17
4419 8
4420 12
4421 13
4422 3
4423 12
4424 8
4425 14
4426 10
4427 5
4428 6
4429 7
4430 9
4431 11
4432 13
4433 10
4434 19
4435 20
4436 2
4437 5
4438 19
4439 17
4440 7
4441 4
4442 10
4443 6
4444 13
4445 8
4446 16
4447 6
4448 16
4449 10
4450 4
4451 4
4452 4
4453 5
4454 9
4455 6
4456 13
4457 11
4458 8
4459 3
4460 7
4461 7
4462 10
4463 6
4464 14
4465 19
4466 9
4467 13
4468 5
4469 4
4470 4
4471 7
4472 16
4473 12
4474 7
4475 0
4476 13
4477 10
4478 13
4479 15
4480 25
4481 9
4482 14
4483 14
4484 14
4485 19
4486 7
4487 9
4488 8
4489 16
4490 17
4491 13
4492 31
4493 3
4494 3
4495 5
4496 12
4497 12
4498 15
4499 15
4500 8
4501 12
4502 23
4503 8
4504 9
4505 11
4506 9
4507 3
4508 13
4509 13
4510 7
4511 11
4512 5
4513 11
4514 7
4515 14
4516 22
4517 6
4518 23
4519 0
4520 14
4521 12
4522 22
4523 19
4524 14
4525 12
4526 6
4527 16
4528 7
4529 13
4530 10
4531 8
4532 6
4533 15
4534 4
4535 10
4536 17
4537 9
4538 11
4539 9
4540 11
4541 11
4542 7
4543 17
4544 6
4545 14
4546 6
4547 17
4548 5
4549 13
4550 16
4551 13
4552 11
4553 9
4554 25
4555 11
4556 11
4557 26
4558 13
4559 18
4560 19
4561 7
4562 15
4563 14
4564 17
4565 3
4566 14
4567 8
4568 3
4569 16
4570 18
4571 24
4572 17
4573 13
4574 15
4575 6
4576 20
4577 18
4578 13
4579 18
4580 17
4581 10
4582 6
4583 19
4584 11
4585 3
4586 12
4587 12
4588 11
4589 8
4590 9
4591 7
4592 6
4593 15
4594 14
4595 14
4596 8
4597 8
4598 17
4599 12
4600 22
4601 12
4602 14
4603 8
4604 13
4605 21
4606 15
4607 19
4608 17
4609 14
4610 11
4611 10
4612 26
4613 18
4614 8
4615 14
4616 15
4617 12
4618 21
4619 12
4620 13
4621 13
4622 16
4623 8
4624 7
4625 11
4626 9
4627 20
4628 24
4629 15
4630 19
4631 16
4632 13
4633 8
4634 9
4635 10
4636 18
4637 11
4638 13
4639 15
4640 12
4641 15
4642 12
4643 22
4644 9
4645 11
4646 25
4647 24
4648 27
4649 12
4650 22
4651 16
4652 18
4653 8
4654 10
4655 12
4656 17
4657 16
4658 12
4659 6
4660 12
4661 11
4662 10
4663 7
4664 10
4665 23
4666 15
4667 7
4668 23
4669 21
4670 6
4671 9
4672 23
4673 16
4674 20
4675 23
4676 18
4677 23
4678 20
4679 21
4680 20
4681 17
4682 5
4683 6
4684 14
4685 12
4686 16
4687 9
4688 17
4689 25
4690 20
4691 13
4692 16
4693 7
4694 10
4695 10
4696 5
4697 12
4698 30
4699 16
4700 21
4701 25
4702 20
4703 28
4704 14
4705 33
4706 7
4707 18
4708 15
4709 10
4710 9
4711 9
4712 6
4713 9
4714 8
4715 11
4716 14
4717 17
4718 14
4719 5
4720 16
4721 20
4722 6
4723 16
4724 14
4725 15
4726 15
4727 5
4728 14
4729 13
4730 14
4731 18
4732 13
4733 15
4734 12
4735 11
4736 11
4737 14
4738 12
4739 8
4740 8
4741 18
4742 27
4743 12
4744 6
4745 15
4746 9
4747 14
4748 12
4749 12
4750 12
4751 8
4752 18
4753 19
4754 6
4755 14
4756 3
4757 18
4758 6
4759 0
4760 13
4761 27
4762 13
4763 5
4764 6
4765 12
4766 18
4767 14
4768 3
4769 19
4770 7
4771 5
4772 13
4773 16
4774 4
4775 10
4776 15
4777 18
4778 11
4779 9
4780 9
4781 10
4782 12
4783 10
4784 17
4785 2
4786 11
4787 6
4788 10
4789 20
4790 10
4791 7
4792 5
4793 8
4794 4
4795 6
4796 11
4797 3
4798 14
4799 18
4800 13
4801 3
4802 8
4803 12
4804 16
4805 27
4806 6
4807 16
4808 9
4809 12
4810 12
4811 7
4812 16
4813 9
4814 6
4815 12
4816 11
4817 5
4818 8
4819 17
4820 10
4821 9
4822 17
4823 4
4824 18
4825 20
4826 13
4827 12
4828 11
4829 13
4830 23
4831 10
4832 12
4833 4
4834 9
4835 3
4836 4
4837 15
4838 0
4839 14
4840 14
4841 6
4842 12
4843 6
4844 8
4845 2
4846 5
4847 7
4848 6
4849 8
4850 14
4851 12
4852 2
4853 2
4854 11
4855 3
4856 12
4857 11
4858 7
4859 7
4860 13
4861 9
4862 8
4863 6
4864 11
4865 4
4866 7
4867 14
4868 3
4869 13
4870 26
4871 7
4872 0
4873 15
4874 15
4875 10
4876 14
4877 17
4878 7
4879 22
4880 10
4881 9
4882 14
4883 10
4884 7
4885 19
4886 24
4887 11
4888 16
4889 18
4890 5
4891 6
4892 7
4893 20
4894 8
4895 9
4896 13
4897 9
4898 12
4899 13
4900 14
4901 3
4902 18
4903 11
4904 15
4905 10
4906 13
4907 31
4908 6
4909 12
4910 11
4911 9
4912 7
4913 8
4914 6
4915 9
4916 3
4917 4
4918 11
4919 2
4920 3
4921 5
4922 8
4923 9
4924 9
4925 20
4926 9
4927 7
4928 1
4929 19
4930 10
4931 12
4932 16
4933 12
4934 2
4935 8
4936 9
4937 18
4938 10
4939 15
4940 11
4941 9
4942 10
4943 10
4944 15
4945 8
4946 18
4947 11
4948 8
4949 7
4950 12
4951 15
4952 12
4953 11
4954 14
4955 3
4956 2
4957 5
4958 0
4959 14
4960 7
4961 13
4962 5
4963 6
4964 13
4965 15
4966 11
4967 8
4968 10
4969 25
4970 12
4971 17
4972 8
4973 10
4974 10
4975 15
4976 8
4977 2
4978 6
4979 17
4980 7
4981 15
4982 10
4983 4
4984 15
4985 9
4986 10
4987 13
4988 10
4989 23
4990 9
4991 14
4992 8
4993 9
4994 16
4995 20
4996 20
4997 8
4998 5
4999 14
5000 22
5001 19
