0 3
1 3
2 12
3 8
4 21
5 13
6 16
7 9
8 28
9 9
10 12
11 22
12 13
13 28
14 8
15 13
16 16
17 38
18 28
19 7
20 30
21 18
22 21
23 22
24 18
25 14
26 15
27 16
28 30
29 26
30 13
31 19
32 21
33 11
34 17
35 8
36 20
37 13
38 23
39 22
40 23
41 15
42 22
43 30
44 20
45 28
46 9
47 30
48 22
49 10
50 20
51 7
52 19
53 29
54 20
55 23
56 20
57 19
58 29
59 11
60 18
61 21
62 41
63 20
64 19
65 14
66 17
67 18
68 32
69 28
70 22
71 28
72 23
73 15
74 17
75 19
76 16
77 16
78 20
79 16
80 23
81 11
82 12
83 21
84 20
85 19
86 24
87 8
88 18
89 13
90 10
91 28
92 27
93 15
94 9
95 14
96 3
97 15
98 30
99 19
100 8
101 9
102 18
103 11
104 11
105 21
106 26
107 26
108 18
109 23
110 15
111 16
112 11
113 4
114 15
115 15
116 15
117 17
118 37
119 8
120 28
121 27
122 14
123 20
124 21
125 19
126 18
127 17
128 21
129 18
130 25
131 18
132 23
133 24
134 20
135 29
136 27
137 26
138 23
139 20
140 16
141 22
142 27
143 28
144 10
145 24
146 15
147 23
148 33
149 20
150 16
151 15
152 21
153 22
154 22
155 14
156 24
157 13
158 20
159 23
160 29
161 9
162 14
163 37
164 15
165 28
166 31
167 31
168 15
169 30
170 24
171 15
172 16
173 19
174 32
175 19
176 17
177 25
178 23
179 19
180 24
181 17
182 26
183 16
184 19
185 32
186 22
187 19
188 25
189 15
190 22
191 22
192 34
193 18
194 33
195 18
196 20
197 18
198 26
199 7
200 17
201 21
202 28
203 29
204 23
205 5
206 22
207 8
208 7
209 16
210 15
211 11
212 12
213 18
214 23
215 17
216 18
217 19
218 14
219 15
220 35
221 15
222 16
223 20
224 16
225 17
226 22
227 17
228 17
229 12
230 13
231 23
232 28
233 18
234 28
235 10
236 5
237 15
238 15
239 5
240 17
241 9
242 9
243 28
244 27
245 7
246 11
247 11
248 15
249 10
250 17
251 9
252 18
253 24
254 18
255 10
256 17
257 19
258 19
259 20
260 13
261 13
262 18
263 5
264 22
265 15
266 20
267 18
268 21
269 19
270 17
271 14
272 19
273 19
274 20
275 17
276 11
277 20
278 13
279 11
280 20
281 12
282 18
283 21
284 17
285 21
286 7
287 14
288 25
289 14
290 26
291 22
292 9
293 3
294 21
295 13
296 12
297 30
298 14
299 10
300 18
301 14
302 28
303 21
304 23
305 4
306 15
307 17
308 21
309 15
310 14
311 18
312 14
313 12
314 21
315 15
316 12
317 22
318 10
319 9
320 11
321 18
322 14
323 15
324 3
325 8
326 11
327 16
328 8
329 21
330 7
331 16
332 26
333 12
334 18
335 16
336 18
337 6
338 15
339 16
340 20
341 8
342 9
343 13
344 4
345 19
346 11
347 14
348 22
349 19
350 17
351 15
352 16
353 18
354 8
355 13
356 10
357 10
358 15
359 15
360 13
361 11
362 12
363 11
364 27
365 9
366 4
367 15
368 24
369 5
370 18
371 21
372 7
373 12
374 12
375 9
376 7
377 15
378 17
379 13
380 10
381 14
382 11
383 15
384 16
385 30
386 12
387 15
388 15
389 23
390 15
391 8
392 13
393 12
394 9
395 8
396 11
397 16
398 12
399 14
400 5
401 4
402 27
403 16
404 23
405 13
406 8
407 17
408 15
409 16
410 13
411 8
412 10
413 11
414 10
415 18
416 25
417 16
418 11
419 17
420 16
421 20
422 13
423 21
424 18
425 15
426 15
427 11
428 14
429 17
430 15
431 6
432 17
433 7
434 10
435 15
436 17
437 10
438 17
439 13
440 2
441 9
442 5
443 14
444 19
445 8
446 14
447 13
448 19
449 11
450 15
451 9
452 10
453 13
454 12
455 19
456 22
457 12
458 11
459 8
460 6
461 19
462 15
463 6
464 18
465 14
466 12
467 12
468 12
469 20
470 10
471 12
472 12
473 16
474 5
475 22
476 19
477 6
478 13
479 20
480 18
481 11
482 10
483 13
484 0
485 23
486 11
487 18
488 9
489 18
490 13
491 22
492 2
493 18
494 26
495 4
496 25
497 15
498 10
499 20
500 18
501 20
502 5
503 14
504 16
505 14
506 14
507 6
508 10
509 10
510 4
511 8
512 14
513 12
514 18
515 8
516 6
517 8
518 7
519 3
520 17
521 9
522 8
523 11
524 18
525 14
526 1
527 16
528 12
529 5
530 29
531 26
532 11
533 8
534 15
535 7
536 14
537 15
538 6
539 13
540 18
541 8
542 10
543 11
544 15
545 18
546 14
547 11
548 10
549 15
550 2
551 13
552 25
553 9
554 16
555 17
556 7
557 1
558 21
559 9
560 11
561 36
562 3
563 6
564 11
565 20
566 12
567 9
568 20
569 10
570 7
571 26
572 17
573 25
574 35
575 15
576 23
577 5
578 17
579 22
580 18
581 23
582 13
583 7
584 29
585 8
586 16
587 21
588 24
589 12
590 26
591 4
592 14
593 12
594 24
595 10
596 10
597 19
598 26
599 7
600 15
601 18
602 4
603 22
604 17
605 20
606 13
607 11
608 24
609 6
610 16
611 19
612 10
613 22
614 7
615 24
616 9
617 18
618 17
619 11
620 9
621 21
622 13
623 3
624 19
625 11
626 1
627 16
628 14
629 6
630 10
631 7
632 6
633 7
634 12
635 16
636 10
637 7
638 8
639 13
640 13
641 9
642 7
643 13
644 15
645 5
646 6
647 11
648 10
649 2
650 7
651 17
652 5
653 18
654 10
655 5
656 6
657 4
658 12
659 10
660 29
661 12
662 5
663 19
664 16
665 5
666 5
667 11
668 9
669 24
670 17
671 11
672 14
673 24
674 10
675 24
676 14
677 24
678 24
679 12
680 16
681 11
682 19
683 13
684 12
685 9
686 13
687 17
688 13
689 7
690 17
691 17
692 12
693 16
694 25
695 17
696 17
697 13
698 12
699 12
700 10
701 11
702 16
703 16
704 20
705 9
706 9
707 20
708 15
709 19
710 14
711 15
712 21
713 17
714 21
715 19
716 22
717 11
718 10
719 18
720 15
721 14
722 6
723 18
724 6
725 9
726 17
727 16
728 32
729 22
730 17
731 13
732 16
733 20
734 24
735 19
736 16
737 17
738 31
739 16
740 11
741 24
742 14
743 6
744 5
745 16
746 4
747 13
748 14
749 13
750 21
751 12
752 25
753 18
754 14
755 12
756 17
757 21
758 14
759 14
760 11
761 9
762 18
763 12
764 14
765 15
766 23
767 9
768 15
769 14
770 16
771 12
772 15
773 17
774 7
775 10
776 22
777 12
778 15
779 12
780 18
781 25
782 19
783 12
784 7
785 15
786 28
787 20
788 26
789 22
790 13
791 14
792 10
793 4
794 13
795 17
796 12
797 17
798 11
799 4
800 8
801 20
802 10
803 8
804 16
805 12
806 13
807 23
808 14
809 13
810 14
811 12
812 5
813 8
814 2
815 18
816 12
817 7
818 12
819 19
820 11
821 21
822 20
823 24
824 27
825 20
826 16
827 7
828 18
829 22
830 13
831 11
832 17
833 17
834 22
835 17
836 15
837 14
838 12
839 25
840 21
841 20
842 17
843 20
844 20
845 22
846 14
847 7
848 7
849 7
850 20
851 17
852 28
853 15
854 14
855 8
856 14
857 15
858 20
859 25
860 14
861 9
862 28
863 8
864 26
865 25
866 23
867 22
868 10
869 11
870 14
871 26
872 23
873 13
874 29
875 25
876 10
877 10
878 17
879 14
880 9
881 15
882 16
883 14
884 33
885 18
886 10
887 10
888 17
889 22
890 13
891 17
892 16
893 13
894 13
895 12
896 13
897 12
898 25
899 12
900 12
901 19
902 22
903 13
904 17
905 16
906 29
907 9
908 11
909 16
910 19
911 13
912 25
913 18
914 19
915 11
916 9
917 10
918 17
919 28
920 19
921 5
922 23
923 7
924 10
925 1
926 9
927 12
928 11
929 14
930 10
931 20
932 15
933 8
934 11
935 23
936 4
937 15
938 18
939 0
940 5
941 28
942 9
943 28
944 10
945 14
946 18
947 19
948 21
949 13
950 17
951 4
952 12
953 2
954 6
955 12
956 24
957 17
958 16
959 10
960 6
961 16
962 12
963 11
964 21
965 5
966 14
967 11
968 5
969 11
970 5
971 26
972 10
973 17
974 9
975 9
976 18
977 17
978 9
979 24
980 15
981 8
982 15
983 10
984 9
985 7
986 3
987 7
988 7
989 9
990 15
991 18
992 21
993 18
994 10
995 9
996 8
997 4
998 6
999 10
1000 18
1001 10
1002 14
1003 12
1004 15
1005 10
1006 15
1007 14
1008 10
1009 20
1010 6
1011 9
1012 10
1013 17
1014 2
1015 9
1016 24
1017 10
1018 12
1019 15
1020 10
1021 13
1022 15
1023 9
1024 17
1025 9
1026 14
1027 12
1028 9
1029 22
1030 13
1031 5
1032 18
1033 12
1034 17
1035 5
1036 22
1037 13
1038 15
1039 18
1040 14
1041 26
1042 12
1043 19
1044 11
1045 25
1046 23
1047 13
1048 20
1049 18
1050 12
1051 3
1052 4
1053 7
1054 4
1055 4
1056 11
1057 14
1058 6
1059 9
1060 2
1061 17
1062 4
1063 11
1064 13
1065 8
1066 2
1067 13
1068 11
1069 15
1070 28
1071 11
1072 32
1073 4
1074 18
1075 12
1076 19
1077 10
1078 22
1079 15
1080 20
1081 28
1082 15
1083 7
1084 13
1085 33
1086 33
1087 7
1088 18
1089 15
1090 7
1091 6
1092 10
1093 14
1094 17
1095 16
1096 7
1097 14
1098 13
1099 15
1100 20
1101 18
1102 14
1103 19
1104 14
1105 22
1106 11
1107 8
1108 5
1109 18
1110 25
1111 13
1112 9
1113 14
1114 24
1115 8
1116 14
1117 18
1118 5
1119 10
1120 22
1121 9
1122 12
1123 18
1124 12
1125 13
1126 10
1127 21
1128 23
1129 11
1130 8
1131 11
1132 20
1133 14
1134 20
1135 13
1136 12
1137 17
1138 25
1139 25
1140 33
1141 12
1142 10
1143 11
1144 21
1145 28
1146 12
1147 19
1148 19
1149 20
1150 20
1151 17
1152 16
1153 26
1154 21
1155 11
1156 27
1157 22
1158 20
1159 10
1160 25
1161 13
1162 19
1163 11
1164 12
1165 18
1166 10
1167 24
1168 21
1169 22
1170 9
1171 9
1172 19
1173 17
1174 11
1175 19
1176 17
1177 24
1178 27
1179 12
1180 23
1181 25
1182 12
1183 7
1184 12
1185 13
1186 21
1187 22
1188 8
1189 9
1190 17
1191 8
1192 1
1193 12
1194 23
1195 20
1196 20
1197 13
1198 29
1199 21
1200 8
1201 8
1202 16
1203 17
1204 16
1205 18
1206 17
1207 11
1208 20
1209 15
1210 31
1211 25
1212 23
1213 18
1214 21
1215 10
1216 17
1217 22
1218 14
1219 13
1220 24
1221 20
1222 21
1223 13
1224 16
1225 19
1226 20
1227 13
1228 15
1229 23
1230 22
1231 25
1232 16
1233 12
1234 16
1235 41
1236 7
1237 26
1238 11
1239 9
1240 10
1241 10
1242 12
1243 14
1244 7
1245 8
1246 6
1247 3
1248 12
1249 19
1250 18
1251 0
1252 10
1253 24
1254 14
1255 19
1256 18
1257 26
1258 17
1259 12
1260 14
1261 4
1262 12
1263 17
1264 14
1265 17
1266 23
1267 15
1268 9
1269 17
1270 15
1271 18
1272 24
1273 10
1274 6
1275 24
1276 22
1277 22
1278 21
1279 23
1280 22
1281 7
1282 13
1283 7
1284 22
1285 17
1286 12
1287 7
1288 21
1289 23
1290 10
1291 19
1292 11
1293 18
1294 14
1295 21
1296 3
1297 8
1298 21
1299 17
1300 24
1301 10
1302 11
1303 13
1304 17
1305 19
1306 17
1307 21
1308 14
1309 22
1310 18
1311 20
1312 14
1313 10
1314 11
1315 11
1316 20
1317 8
1318 11
1319 15
1320 11
1321 12
1322 16
1323 5
1324 14
1325 18
1326 7
1327 2
1328 15
1329 9
1330 23
1331 22
1332 20
1333 11
1334 7
1335 10
1336 16
1337 14
1338 36
1339 9
1340 8
1341 6
1342 19
1343 13
1344 14
1345 17
1346 11
1347 13
1348 11
1349 14
1350 11
1351 9
1352 12
1353 11
1354 16
1355 11
1356 15
1357 16
1358 4
1359 12
1360 21
1361 9
1362 17
1363 9
1364 29
1365 18
1366 19
1367 18
1368 13
1369 12
1370 12
1371 10
1372 27
1373 15
1374 22
1375 16
1376 12
1377 9
1378 11
1379 18
1380 18
1381 25
1382 19
1383 15
1384 6
1385 22
1386 17
1387 15
1388 17
1389 9
1390 11
1391 12
1392 27
1393 6
1394 11
1395 13
1396 19
1397 12
1398 13
1399 21
1400 16
1401 19
1402 11
1403 20
1404 10
1405 13
1406 22
1407 16
1408 24
1409 5
1410 13
1411 21
1412 13
1413 8
1414 8
1415 27
1416 25
1417 23
1418 6
1419 28
1420 17
1421 20
1422 11
1423 18
1424 15
1425 20
1426 14
1427 15
1428 14
1429 23
1430 18
1431 19
1432 20
1433 11
1434 18
1435 12
1436 11
1437 16
1438 15
1439 10
1440 20
1441 19
1442 17
1443 16
1444 11
1445 20
1446 11
1447 7
1448 7
1449 16
1450 11
1451 15
1452 19
1453 11
1454 20
1455 13
1456 5
1457 10
1458 22
1459 14
1460 11
1461 20
1462 21
1463 14
1464 16
1465 24
1466 25
1467 19
1468 34
1469 16
1470 19
1471 15
1472 20
1473 19
1474 18
1475 12
1476 10
1477 16
1478 9
1479 32
1480 23
1481 19
1482 11
1483 21
1484 21
1485 16
1486 7
1487 13
1488 23
1489 10
1490 19
1491 21
1492 8
1493 6
1494 16
1495 19
1496 18
1497 12
1498 14
1499 7
1500 29
1501 18
1502 6
1503 15
1504 26
1505 17
1506 19
1507 4
1508 21
1509 32
1510 15
1511 29
1512 23
1513 14
1514 13
1515 20
1516 10
1517 8
1518 13
1519 25
1520 23
1521 24
1522 15
1523 3
1524 18
1525 22
1526 10
1527 16
1528 13
1529 14
1530 38
1531 16
1532 9
1533 12
1534 15
1535 14
1536 6
1537 21
1538 16
1539 12
1540 26
1541 22
1542 12
1543 22
1544 20
1545 14
1546 20
1547 21
1548 30
1549 13
1550 12
1551 14
1552 10
1553 10
1554 26
1555 31
1556 5
1557 26
1558 31
1559 12
1560 29
1561 22
1562 15
1563 8
1564 28
1565 34
1566 22
1567 21
1568 24
1569 15
1570 21
1571 13
1572 27
1573 14
1574 21
1575 28
1576 26
1577 17
1578 15
1579 23
1580 17
1581 20
1582 16
1583 12
1584 19
1585 10
1586 21
1587 13
1588 11
1589 19
1590 26
1591 2
1592 19
1593 31
1594 13
1595 21
1596 37
1597 11
1598 19
1599 18
1600 18
1601 15
1602 28
1603 9
1604 17
1605 17
1606 7
1607 24
1608 15
1609 9
1610 20
1611 36
1612 27
1613 23
1614 16
1615 18
1616 10
1617 22
1618 5
1619 11
1620 24
1621 19
1622 20
1623 19
1624 13
1625 28
1626 14
1627 18
1628 15
1629 25
1630 12
1631 25
1632 21
1633 12
1634 10
1635 12
1636 8
1637 7
1638 2
1639 11
1640 15
1641 15
1642 19
1643 10
1644 8
1645 15
1646 11
1647 24
1648 16
1649 5
1650 16
1651 10
1652 8
1653 17
1654 13
1655 23
1656 12
1657 15
1658 13
1659 9
1660 13
1661 10
1662 16
1663 20
1664 23
1665 15
1666 28
1667 12
1668 20
1669 6
1670 19
1671 22
1672 6
1673 13
1674 12
1675 12
1676 27
1677 29
1678 6
1679 12
1680 7
1681 18
1682 19
1683 13
1684 11
1685 9
1686 16
1687 12
1688 8
1689 18
1690 18
1691 25
1692 35
1693 13
1694 21
1695 14
1696 8
1697 27
1698 20
1699 6
1700 24
1701 7
1702 19
1703 15
1704 13
1705 35
1706 15
1707 10
1708 24
1709 8
1710 8
1711 11
1712 13
1713 12
1714 9
1715 12
1716 13
1717 10
1718 13
1719 9
1720 14
1721 5
1722 10
1723 12
1724 14
1725 16
1726 9
1727 21
1728 21
1729 10
1730 21
1731 17
1732 24
1733 16
1734 10
1735 35
1736 20
1737 12
1738 13
1739 16
1740 11
1741 15
1742 29
1743 12
1744 20
1745 22
1746 13
1747 14
1748 16
1749 23
1750 8
1751 8
1752 6
1753 5
1754 15
1755 10
1756 14
1757 9
1758 5
1759 19
1760 15
1761 16
1762 15
1763 28
1764 11
1765 7
1766 11
1767 12
1768 33
1769 6
1770 18
1771 6
1772 27
1773 9
1774 10
1775 23
1776 29
1777 18
1778 10
1779 3
1780 13
1781 10
1782 13
1783 17
1784 24
1785 21
1786 15
1787 10
1788 10
1789 5
1790 10
1791 10
1792 1
1793 15
1794 14
1795 15
1796 17
1797 15
1798 15
1799 7
1800 18
1801 26
1802 5
1803 11
1804 9
1805 12
1806 6
1807 7
1808 7
1809 19
1810 13
1811 11
1812 15
1813 6
1814 7
1815 15
1816 22
1817 12
1818 21
1819 10
1820 12
1821 10
1822 15
1823 15
1824 26
1825 11
1826 20
1827 8
1828 15
1829 13
1830 7
1831 10
1832 9
1833 8
1834 14
1835 11
1836 13
1837 11
1838 8
1839 10
1840 11
1841 20
1842 13
1843 9
1844 16
1845 11
1846 8
1847 8
1848 18
1849 10
1850 13
1851 19
1852 8
1853 4
1854 23
1855 12
1856 12
1857 18
1858 14
1859 15
1860 12
1861 16
1862 17
1863 7
1864 16
1865 13
1866 14
1867 16
1868 24
1869 9
1870 10
1871 22
1872 9
1873 7
1874 5
1875 22
1876 18
1877 14
1878 14
1879 15
1880 23
1881 16
1882 28
1883 15
1884 25
1885 16
1886 15
1887 14
1888 18
1889 16
1890 11
1891 20
1892 10
1893 14
1894 11
1895 12
1896 4
1897 10
1898 12
1899 15
1900 24
1901 17
1902 22
1903 16
1904 15
1905 20
1906 16
1907 21
1908 17
1909 9
1910 14
1911 22
1912 17
1913 14
1914 14
1915 24
1916 18
1917 9
1918 23
1919 23
1920 21
1921 27
1922 11
1923 11
1924 14
1925 18
1926 24
1927 25
1928 23
1929 3
1930 13
1931 11
1932 10
1933 15
1934 9
1935 24
1936 6
1937 10
1938 31
1939 36
1940 25
1941 35
1942 19
1943 8
1944 14
1945 14
1946 20
1947 9
1948 20
1949 12
1950 14
1951 25
1952 21
1953 17
1954 10
1955 16
1956 10
1957 22
1958 17
1959 25
1960 14
1961 13
1962 26
1963 20
1964 16
1965 14
1966 11
1967 12
1968 18
1969 14
1970 30
1971 22
1972 17
1973 13
1974 29
1975 17
1976 19
1977 31
1978 9
1979 9
1980 35
1981 21
1982 16
1983 17
1984 11
1985 30
1986 10
1987 16
1988 13
1989 14
1990 16
1991 15
1992 21
1993 17
1994 22
1995 10
1996 5
1997 14
1998 24
1999 9
2000 20
2001 16
2002 20
2003 11
2004 10
2005 9
2006 21
2007 23
2008 18
2009 7
2010 19
2011 24
2012 6
2013 23
2014 32
2015 17
2016 10
2017 14
2018 21
2019 27
2020 18
2021 18
2022 13
2023 18
2024 25
2025 8
2026 16
2027 20
2028 19
2029 18
2030 17
2031 12
2032 22
2033 6
2034 32
2035 23
2036 36
2037 23
2038 22
2039 30
2040 30
2041 14
2042 34
2043 15
2044 6
2045 22
2046 20
2047 17
2048 25
2049 9
2050 6
2051 22
2052 15
2053 8
2054 16
2055 16
2056 10
2057 17
2058 13
2059 17
2060 26
2061 22
2062 7
2063 19
2064 23
2065 25
2066 12
2067 25
2068 22
2069 14
2070 14
2071 16
2072 17
2073 16
2074 24
2075 21
2076 6
2077 16
2078 14
2079 5
2080 25
2081 7
2082 16
2083 18
2084 13
2085 19
2086 29
2087 12
2088 15
2089 19
2090 10
2091 15
2092 16
2093 11
2094 12
2095 16
2096 14
2097 18
2098 20
2099 4
2100 8
2101 20
2102 20
2103 14
2104 20
2105 30
2106 12
2107 22
2108 20
2109 28
2110 11
2111 15
2112 18
2113 9
2114 20
2115 16
2116 19
2117 10
2118 25
2119 27
2120 16
2121 10
2122 19
2123 19
2124 22
2125 19
2126 19
2127 16
2128 6
2129 21
2130 12
2131 16
2132 22
2133 16
2134 10
2135 16
2136 9
2137 8
2138 19
2139 24
2140 26
2141 18
2142 10
2143 11
2144 8
2145 14
2146 12
2147 20
2148 14
2149 16
2150 3
2151 13
2152 3
2153 29
2154 7
2155 8
2156 18
2157 9
2158 5
2159 24
2160 6
2161 14
2162 20
2163 13
2164 15
2165 4
2166 11
2167 21
2168 5
2169 16
2170 20
2171 22
2172 15
2173 18
2174 19
2175 12
2176 10
2177 9
2178 10
2179 15
2180 3
2181 20
2182 25
2183 11
2184 18
2185 11
2186 14
2187 8
2188 5
2189 17
2190 27
2191 23
2192 12
2193 16
2194 4
2195 16
2196 21
2197 6
2198 15
2199 22
2200 14
2201 7
2202 13
2203 30
2204 10
2205 4
2206 22
2207 11
2208 12
2209 13
2210 8
2211 20
2212 27
2213 7
2214 11
2215 13
2216 5
2217 16
2218 21
2219 6
2220 12
2221 11
2222 6
2223 3
2224 24
2225 29
2226 6
2227 25
2228 10
2229 30
2230 8
2231 28
2232 15
2233 15
2234 15
2235 19
2236 24
2237 8
2238 23
2239 20
2240 25
2241 17
2242 13
2243 11
2244 18
2245 6
2246 20
2247 16
2248 12
2249 5
2250 5
2251 10
2252 14
2253 19
2254 24
2255 28
2256 29
2257 10
2258 18
2259 12
2260 22
2261 19
2262 13
2263 8
2264 20
2265 14
2266 21
2267 17
2268 12
2269 10
2270 6
2271 15
2272 17
2273 7
2274 20
2275 30
2276 17
2277 21
2278 21
2279 8
2280 10
2281 21
2282 8
2283 18
2284 14
2285 14
2286 15
2287 9
2288 2
2289 21
2290 18
2291 23
2292 15
2293 15
2294 14
2295 18
2296 15
2297 17
2298 12
2299 11
2300 15
2301 14
2302 7
2303 21
2304 4
2305 11
2306 1
2307 0
2308 18
2309 8
2310 8
2311 14
2312 33
2313 24
2314 21
2315 9
2316 17
2317 19
2318 21
2319 18
2320 6
2321 16
2322 17
2323 11
2324 17
2325 17
2326 17
2327 18
2328 16
2329 5
2330 12
2331 7
2332 18
2333 12
2334 33
2335 37
2336 20
2337 16
2338 13
2339 33
2340 24
2341 27
2342 17
2343 12
2344 13
2345 3
2346 22
2347 13
2348 9
2349 17
2350 14
2351 20
2352 12
2353 12
2354 10
2355 19
2356 16
2357 16
2358 20
2359 17
2360 4
2361 15
2362 16
2363 20
2364 10
2365 24
2366 14
2367 18
2368 15
2369 26
2370 17
2371 25
2372 8
2373 8
2374 12
2375 13
2376 15
2377 10
2378 16
2379 18
2380 11
2381 7
2382 9
2383 15
2384 10
2385 12
2386 17
2387 8
2388 3
2389 3
2390 12
2391 12
2392 19
2393 11
2394 23
2395 5
2396 22
2397 12
2398 15
2399 15
2400 13
2401 19
2402 3
2403 10
2404 13
2405 7
2406 7
2407 12
2408 6
2409 9
2410 11
2411 10
2412 6
2413 10
2414 15
2415 5
2416 20
2417 5
2418 11
2419 5
2420 18
2421 12
2422 28
2423 16
2424 10
2425 8
2426 11
2427 31
2428 11
2429 13
2430 8
2431 14
2432 19
2433 14
2434 9
2435 10
2436 18
2437 26
2438 18
2439 18
2440 23
2441 19
2442 18
2443 32
2444 28
2445 12
2446 11
2447 2
2448 9
2449 15
2450 27
2451 28
2452 35
2453 17
2454 22
2455 30
2456 10
2457 23
2458 20
2459 14
2460 16
2461 30
2462 22
2463 15
2464 22
2465 17
2466 21
2467 10
2468 30
2469 23
2470 12
2471 15
2472 9
2473 32
2474 21
2475 6
2476 15
2477 14
2478 10
2479 12
2480 14
2481 30
2482 20
2483 13
2484 5
2485 18
2486 13
2487 23
2488 11
2489 24
2490 26
2491 5
2492 18
2493 18
2494 30
2495 18
2496 23
2497 8
2498 16
2499 11
2500 20
2501 25
2502 17
2503 27
2504 12
2505 25
2506 11
2507 13
2508 9
2509 9
2510 32
2511 24
2512 21
2513 29
2514 14
2515 16
2516 20
2517 2
2518 17
2519 16
2520 10
2521 17
2522 24
2523 10
2524 16
2525 21
2526 22
2527 19
2528 10
2529 31
2530 25
2531 8
2532 19
2533 26
2534 20
2535 15
2536 16
2537 24
2538 10
2539 25
2540 10
2541 13
2542 10
2543 15
2544 25
2545 13
2546 9
2547 18
2548 8
2549 20
2550 13
2551 1
2552 13
2553 13
2554 13
2555 8
2556 17
2557 12
2558 14
2559 12
2560 11
2561 6
2562 23
2563 18
2564 21
2565 19
2566 8
2567 17
2568 12
2569 22
2570 14
2571 21
2572 27
2573 13
2574 12
2575 15
2576 5
2577 20
2578 21
2579 16
2580 21
2581 13
2582 10
2583 2
2584 25
2585 13
2586 13
2587 23
2588 17
2589 10
2590 10
2591 10
2592 7
2593 11
2594 28
2595 7
2596 9
2597 23
2598 19
2599 3
2600 20
2601 26
2602 20
2603 19
2604 25
2605 20
2606 37
2607 21
2608 14
2609 27
2610 26
2611 27
2612 32
2613 11
2614 7
2615 10
2616 18
2617 17
2618 23
2619 18
2620 27
2621 8
2622 6
2623 23
2624 13
2625 24
2626 21
2627 41
2628 20
2629 19
2630 20
2631 6
2632 9
2633 15
2634 24
2635 17
2636 10
2637 19
2638 38
2639 12
2640 20
2641 14
2642 31
2643 7
2644 25
2645 18
2646 21
2647 6
2648 9
2649 21
2650 25
2651 11
2652 17
2653 14
2654 24
2655 9
2656 26
2657 19
2658 2
2659 13
2660 12
2661 4
2662 17
2663 7
2664 20
2665 16
2666 14
2667 22
2668 22
2669 19
2670 13
2671 10
2672 19
2673 16
2674 15
2675 13
2676 31
2677 16
2678 19
2679 24
2680 17
2681 19
2682 31
2683 3
2684 19
2685 5
2686 8
2687 19
2688 17
2689 9
2690 28
2691 12
2692 24
2693 18
2694 18
2695 34
2696 12
2697 16
2698 12
2699 22
2700 21
2701 30
2702 27
2703 25
2704 13
2705 28
2706 19
2707 16
2708 24
2709 22
2710 13
2711 13
2712 21
2713 16
2714 17
2715 7
2716 36
2717 12
2718 14
2719 15
2720 7
2721 9
2722 11
2723 4
2724 10
2725 27
2726 18
2727 9
2728 20
2729 13
2730 12
2731 23
2732 21
2733 6
2734 19
2735 29
2736 13
2737 13
2738 16
2739 17
2740 27
2741 14
2742 23
2743 19
2744 30
2745 5
2746 24
2747 24
2748 18
2749 37
2750 23
2751 20
2752 11
2753 27
2754 14
2755 15
2756 16
2757 22
2758 15
2759 29
2760 14
2761 12
2762 18
2763 25
2764 15
2765 23
2766 17
2767 18
2768 16
2769 16
2770 10
2771 12
2772 19
2773 6
2774 24
2775 11
2776 10
2777 18
2778 21
2779 14
2780 11
2781 16
2782 23
2783 25
2784 24
2785 21
2786 24
2787 10
2788 27
2789 9
2790 22
2791 17
2792 18
2793 3
2794 9
2795 14
2796 11
2797 18
2798 8
2799 20
2800 18
2801 22
2802 28
2803 14
2804 14
2805 24
2806 13
2807 21
2808 5
2809 12
2810 24
2811 8
2812 24
2813 23
2814 22
2815 22
2816 17
2817 15
2818 12
2819 32
2820 22
2821 22
2822 13
2823 12
2824 6
2825 33
2826 25
2827 16
2828 24
2829 36
2830 37
2831 21
2832 23
2833 33
2834 19
2835 31
2836 9
2837 16
2838 30
2839 19
2840 23
2841 13
2842 9
2843 12
2844 17
2845 10
2846 22
2847 12
2848 18
2849 6
2850 19
2851 22
2852 6
2853 13
2854 11
2855 13
2856 19
2857 31
2858 19
2859 7
2860 6
2861 13
2862 13
2863 19
2864 30
2865 16
2866 15
2867 20
2868 24
2869 20
2870 13
2871 24
2872 23
2873 15
2874 21
2875 20
2876 12
2877 16
2878 13
2879 25
2880 14
2881 21
2882 13
2883 18
2884 9
2885 18
2886 13
2887 15
2888 21
2889 17
2890 23
2891 15
2892 16
2893 14
2894 14
2895 15
2896 22
2897 24
2898 7
2899 9
2900 18
2901 27
2902 27
2903 16
2904 16
2905 18
2906 17
2907 7
2908 16
2909 20
2910 18
2911 14
2912 13
2913 7
2914 27
2915 19
2916 19
2917 27
2918 34
2919 15
2920 24
2921 18
2922 11
2923 12
2924 37
2925 13
2926 6
2927 14
2928 13
2929 16
2930 17
2931 22
2932 14
2933 10
2934 4
2935 8
2936 10
2937 13
2938 10
2939 23
2940 17
2941 8
2942 16
2943 15
2944 9
2945 10
2946 16
2947 8
2948 26
2949 16
2950 29
2951 19
2952 20
2953 11
2954 31
2955 6
2956 4
2957 11
2958 17
2959 32
2960 20
2961 12
2962 11
2963 10
2964 20
2965 21
2966 12
2967 12
2968 17
2969 12
2970 9
2971 17
2972 23
2973 14
2974 31
2975 18
2976 18
2977 14
2978 18
2979 10
2980 11
2981 13
2982 11
2983 13
2984 1
2985 9
2986 14
2987 14
2988 5
2989 18
2990 17
2991 8
2992 18
2993 11
2994 18
2995 13
2996 12
2997 16
2998 16
2999 7
3000 34
3001 18
3002 15
3003 13
3004 7
3005 28
3006 23
3007 21
3008 10
3009 21
3010 13
3011 16
3012 25
3013 20
3014 24
3015 16
3016 10
3017 14
3018 20
3019 6
3020 18
3021 13
3022 13
3023 14
3024 17
3025 10
3026 17
3027 20
3028 13
3029 12
3030 17
3031 11
3032 17
3033 15
3034 26
3035 26
3036 3
3037 19
3038 7
3039 11
3040 9
3041 28
3042 15
3043 17
3044 21
3045 26
3046 12
3047 8
3048 10
3049 12
3050 22
3051 17
3052 18
3053 16
3054 13
3055 31
3056 20
3057 17
3058 16
3059 12
3060 18
3061 8
3062 14
3063 14
3064 16
3065 16
3066 9
3067 21
3068 27
3069 21
3070 13
3071 20
3072 17
3073 31
3074 19
3075 15
3076 19
3077 20
3078 10
3079 20
3080 12
3081 17
3082 14
3083 28
3084 25
3085 28
3086 24
3087 5
3088 20
3089 18
3090 16
3091 21
3092 30
3093 34
3094 31
3095 12
3096 14
3097 14
3098 24
3099 16
3100 12
3101 20
3102 33
3103 11
3104 11
3105 25
3106 36
3107 23
3108 32
3109 22
3110 9
3111 18
3112 15
3113 17
3114 9
3115 15
3116 20
3117 22
3118 10
3119 7
3120 23
3121 14
3122 5
3123 14
3124 12
3125 18
3126 25
3127 11
3128 16
3129 12
3130 15
3131 1
3132 13
3133 24
3134 18
3135 5
3136 22
3137 27
3138 14
3139 26
3140 6
3141 16
3142 27
3143 15
3144 5
3145 11
3146 14
3147 18
3148 9
3149 53
3150 16
3151 28
3152 28
3153 20
3154 28
3155 23
3156 28
3157 18
3158 29
3159 19
3160 27
3161 24
3162 12
3163 20
3164 20
3165 18
3166 29
3167 17
3168 16
3169 9
3170 32
3171 14
3172 14
3173 37
3174 12
3175 14
3176 18
3177 21
3178 20
3179 18
3180 28
3181 25
3182 19
3183 8
3184 19
3185 22
3186 11
3187 17
3188 23
3189 23
3190 29
3191 23
3192 22
3193 27
3194 16
3195 31
3196 15
3197 9
3198 23
3199 26
3200 18
3201 14
3202 20
3203 12
3204 3
3205 10
3206 7
3207 16
3208 28
3209 21
3210 29
3211 7
3212 35
3213 10
3214 16
3215 18
3216 11
3217 11
3218 29
3219 22
3220 20
3221 17
3222 32
3223 26
3224 12
3225 15
3226 17
3227 13
3228 40
3229 7
3230 13
3231 15
3232 8
3233 23
3234 15
3235 15
3236 20
3237 15
3238 28
3239 28
3240 15
3241 22
3242 13
3243 14
3244 16
3245 15
3246 21
3247 13
3248 9
3249 16
3250 13
3251 20
3252 21
3253 21
3254 15
3255 20
3256 28
3257 21
3258 18
3259 30
3260 11
3261 27
3262 11
3263 24
3264 11
3265 15
3266 31
3267 19
3268 16
3269 16
3270 14
3271 26
3272 20
3273 21
3274 27
3275 12
3276 24
3277 14
3278 20
3279 24
3280 18
3281 24
3282 16
3283 16
3284 29
3285 8
3286 33
3287 22
3288 9
3289 13
3290 24
3291 15
3292 23
3293 24
3294 20
3295 19
3296 35
3297 8
3298 22
3299 28
3300 28
3301 17
3302 30
3303 27
3304 20
3305 34
3306 22
3307 29
3308 19
3309 21
3310 33
3311 19
3312 14
3313 26
3314 29
3315 26
3316 18
3317 23
3318 15
3319 17
3320 20
3321 17
3322 20
3323 33
3324 22
3325 31
3326 15
3327 7
3328 31
3329 33
3330 26
3331 15
3332 19
3333 27
3334 15
3335 24
3336 18
3337 25
3338 34
3339 32
3340 22
3341 11
3342 14
3343 26
3344 24
3345 11
3346 26
3347 23
3348 24
3349 25
3350 18
3351 26
3352 28
3353 18
3354 28
3355 20
3356 29
3357 19
3358 22
3359 29
3360 20
3361 31
3362 22
3363 29
3364 35
3365 12
3366 12
3367 17
3368 36
3369 14
3370 33
3371 27
3372 19
3373 21
3374 31
3375 20
3376 27
3377 36
3378 42
3379 23
3380 24
3381 18
3382 26
3383 31
3384 29
3385 18
3386 35
3387 32
3388 7
3389 12
3390 29
3391 12
3392 16
3393 22
3394 9
3395 16
3396 30
3397 28
3398 35
3399 36
3400 30
3401 25
3402 12
3403 26
3404 29
3405 17
3406 13
3407 14
3408 24
3409 16
3410 11
3411 23
3412 16
3413 24
3414 11
3415 10
3416 14
3417 21
3418 13
3419 16
3420 19
3421 24
3422 10
3423 25
3424 14
3425 9
3426 13
3427 6
3428 14
3429 22
3430 19
3431 6
3432 20
3433 18
3434 22
3435 27
3436 18
3437 20
3438 36
3439 18
3440 14
3441 17
3442 14
3443 39
3444 22
3445 15
3446 34
3447 11
3448 20
3449 25
3450 24
3451 17
3452 16
3453 17
3454 21
3455 17
3456 5
3457 22
3458 14
3459 24
3460 7
3461 19
3462 17
3463 31
3464 16
3465 20
3466 27
3467 19
3468 17
3469 11
3470 18
3471 24
3472 18
3473 23
3474 23
3475 17
3476 13
3477 27
3478 15
3479 8
3480 11
3481 9
3482 23
3483 17
3484 11
3485 8
3486 8
3487 20
3488 23
3489 4
3490 9
3491 36
3492 14
3493 19
3494 16
3495 12
3496 28
3497 14
3498 3
3499 21
3500 17
3501 15
3502 13
3503 24
3504 10
3505 17
3506 16
3507 17
3508 6
3509 25
3510 5
3511 15
3512 15
3513 19
3514 13
3515 15
3516 29
3517 5
3518 21
3519 9
3520 27
3521 23
3522 13
3523 10
3524 21
3525 14
3526 13
3527 19
3528 28
3529 29
3530 23
3531 36
3532 27
3533 22
3534 27
3535 15
3536 8
3537 11
3538 17
3539 28
3540 22
3541 14
3542 15
3543 29
3544 20
3545 14
3546 21
3547 12
3548 17
3549 19
3550 11
3551 7
3552 16
3553 21
3554 22
3555 26
3556 18
3557 22
3558 23
3559 19
3560 22
3561 11
3562 18
3563 16
3564 11
3565 40
3566 27
3567 25
3568 7
3569 26
3570 9
3571 26
3572 12
3573 19
3574 13
3575 16
3576 21
3577 17
3578 10
3579 24
3580 12
3581 22
3582 17
3583 13
3584 20
3585 18
3586 27
3587 18
3588 19
3589 14
3590 14
3591 10
3592 17
3593 27
3594 30
3595 14
3596 17
3597 8
3598 8
3599 29
3600 14
3601 19
3602 10
3603 27
3604 12
3605 17
3606 10
3607 18
3608 13
3609 28
3610 10
3611 25
3612 12
3613 12
3614 21
3615 26
3616 29
3617 7
3618 19
3619 18
3620 24
3621 19
3622 7
3623 32
3624 10
3625 19
3626 14
3627 18
3628 20
3629 17
3630 26
3631 29
3632 22
3633 12
3634 14
3635 25
3636 31
3637 13
3638 34
3639 14
3640 15
3641 14
3642 13
3643 9
3644 20
3645 15
3646 24
3647 25
3648 18
3649 11
3650 20
3651 19
3652 23
3653 25
3654 27
3655 19
3656 22
3657 6
3658 15
3659 15
3660 7
3661 9
3662 21
3663 34
3664 14
3665 28
3666 36
3667 21
3668 14
3669 10
3670 28
3671 37
3672 14
3673 8
3674 2
3675 10
3676 10
3677 17
3678 4
3679 40
3680 4
3681 28
3682 22
3683 17
3684 18
3685 31
3686 16
3687 9
3688 14
3689 11
3690 18
3691 18
3692 8
3693 20
3694 4
3695 20
3696 15
3697 12
3698 22
3699 16
3700 15
3701 13
3702 17
3703 20
3704 20
3705 16
3706 14
3707 3
3708 26
3709 17
3710 24
3711 12
3712 16
3713 8
3714 19
3715 25
3716 15
3717 14
3718 15
3719 19
3720 9
3721 10
3722 14
3723 21
3724 22
3725 16
3726 15
3727 17
3728 17
3729 10
3730 24
3731 8
3732 13
3733 22
3734 26
3735 10
3736 22
3737 9
3738 18
3739 17
3740 15
3741 11
3742 29
3743 10
3744 24
3745 23
3746 59
3747 35
3748 21
3749 26
3750 11
3751 20
3752 10
3753 8
3754 15
3755 23
3756 17
3757 21
3758 23
3759 15
3760 8
3761 17
3762 14
3763 18
3764 30
3765 21
3766 16
3767 20
3768 24
3769 17
3770 20
3771 18
3772 29
3773 18
3774 20
3775 28
3776 22
3777 18
3778 19
3779 13
3780 18
3781 18
3782 22
3783 22
3784 14
3785 27
3786 24
3787 12
3788 20
3789 18
3790 25
3791 7
3792 10
3793 20
3794 11
3795 19
3796 17
3797 8
3798 16
3799 13
3800 30
3801 10
3802 25
3803 14
3804 24
3805 17
3806 6
3807 8
3808 8
3809 10
3810 12
3811 20
3812 20
3813 33
3814 9
3815 9
3816 23
3817 14
3818 7
3819 8
3820 17
3821 4
3822 12
3823 19
3824 12
3825 20
3826 11
3827 15
3828 7
3829 13
3830 20
3831 25
3832 11
3833 31
3834 21
3835 17
3836 12
3837 28
3838 20
3839 14
3840 20
3841 29
3842 12
3843 17
3844 11
3845 28
3846 12
3847 3
3848 31
3849 21
3850 18
3851 11
3852 13
3853 14
3854 12
3855 14
3856 16
3857 21
3858 15
3859 16
3860 16
3861 14
3862 12
3863 18
3864 19
3865 17
3866 20
3867 30
3868 14
3869 20
3870 15
3871 22
3872 18
3873 24
3874 20
3875 14
3876 26
3877 9
3878 20
3879 17
3880 12
3881 15
3882 12
3883 15
3884 6
3885 15
3886 21
3887 12
3888 21
3889 24
3890 17
3891 10
3892 19
3893 23
3894 22
3895 17
3896 20
3897 21
3898 11
3899 24
3900 17
3901 2
3902 7
3903 17
3904 17
3905 13
3906 9
3907 25
3908 12
3909 20
3910 8
3911 32
3912 8
3913 16
3914 17
3915 25
3916 18
3917 29
3918 12
3919 23
3920 13
3921 21
3922 16
3923 17
3924 19
3925 13
3926 7
3927 16
3928 18
3929 16
3930 14
3931 11
3932 17
3933 17
3934 25
3935 19
3936 14
3937 28
3938 19
3939 28
3940 5
3941 25
3942 35
3943 20
3944 19
3945 20
3946 14
3947 22
3948 16
3949 17
3950 15
3951 9
3952 11
3953 20
3954 27
3955 18
3956 13
3957 15
3958 19
3959 15
3960 9
3961 18
3962 17
3963 15
3964 9
3965 16
3966 19
3967 22
3968 13
3969 11
3970 5
3971 12
3972 6
3973 19
3974 29
3975 7
3976 14
3977 29
3978 18
3979 20
3980 22
3981 12
3982 24
3983 5
3984 13
3985 11
3986 16
3987 11
3988 20
3989 19
3990 16
3991 9
3992 19
3993 12
3994 14
3995 9
3996 21
3997 3
3998 15
3999 18
4000 10
4001 10
4002 10
4003 17
4004 11
4005 14
4006 12
4007 18
4008 9
4009 10
4010 34
4011 18
4012 10
4013 24
4014 24
4015 24
4016 7
4017 5
4018 13
4019 18
4020 5
4021 15
4022 10
4023 17
4024 9
4025 9
4026 12
4027 15
4028 13
4029 5
4030 24
4031 21
4032 15
4033 18
4034 24
4035 17
4036 17
4037 13
4038 25
4039 32
4040 4
4041 17
4042 18
4043 20
4044 16
4045 21
4046 10
4047 15
4048 13
4049 11
4050 13
4051 7
4052 16
4053 19
4054 5
4055 14
4056 15
4057 8
4058 18
4059 7
4060 9
4061 25
4062 18
4063 21
4064 18
4065 19
4066 20
4067 15
4068 15
4069 19
4070 5
4071 6
4072 10
4073 17
4074 10
4075 11
4076 6
4077 22
4078 16
4079 25
4080 11
4081 16
4082 12
4083 8
4084 19
4085 28
4086 31
4087 21
4088 18
4089 17
4090 9
4091 11
4092 17
4093 9
4094 11
4095 14
4096 21
4097 21
4098 21
4099 27
4100 14
4101 22
4102 25
4103 20
4104 27
4105 26
4106 19
4107 18
4108 20
4109 23
4110 29
4111 23
4112 13
4113 9
4114 17
4115 27
4116 11
4117 10
4118 20
4119 15
4120 15
4121 14
4122 8
4123 19
4124 28
4125 14
4126 11
4127 15
4128 10
4129 18
4130 27
4131 14
4132 19
4133 20
4134 8
4135 25
4136 11
4137 22
4138 24
4139 30
4140 21
4141 29
4142 23
4143 30
4144 13
4145 24
4146 21
4147 33
4148 9
4149 16
4150 10
4151 16
4152 21
4153 18
4154 16
4155 6
4156 16
4157 13
4158 20
4159 13
4160 16
4161 14
4162 23
4163 6
4164 15
4165 13
4166 13
4167 4
4168 2
4169 17
4170 24
4171 4
4172 17
4173 15
4174 17
4175 15
4176 40
4177 20
4178 13
4179 13
4180 26
4181 13
4182 11
4183 20
4184 11
4185 19
4186 29
4187 31
4188 14
4189 21
4190 19
4191 16
4192 11
4193 18
4194 20
4195 7
4196 14
4197 24
4198 19
4199 9
4200 27
4201 28
4202 10
4203 22
4204 21
4205 15
4206 13
4207 16
4208 17
4209 18
4210 26
4211 11
4212 7
4213 10
4214 12
4215 20
4216 7
4217 30
4218 13
4219 19
4220 33
4221 27
4222 24
4223 14
4224 14
4225 20
4226 13
4227 24
4228 16
4229 12
4230 15
4231 28
4232 17
4233 8
4234 18
4235 16
4236 6
4237 12
4238 7
4239 25
4240 9
4241 10
4242 12
4243 7
4244 17
4245 13
4246 7
4247 19
4248 30
4249 18
4250 13
4251 12
4252 15
4253 26
4254 26
4255 20
4256 22
4257 26
4258 30
4259 21
4260 7
4261 13
4262 12
4263 10
4264 10
4265 8
4266 19
4267 21
4268 15
4269 16
4270 11
4271 10
4272 22
4273 19
4274 21
4275 9
4276 13
4277 7
4278 9
4279 21
4280 26
4281 13
4282 13
4283 17
4284 19
4285 13
4286 14
4287 24
4288 9
4289 13
4290 11
4291 14
4292 17
4293 16
4294 12
4295 9
4296 24
4297 17
4298 9
4299 8
4300 16
4301 9
4302 19
4303 23
4304 18
4305 19
4306 17
4307 17
4308 24
4309 20
4310 4
4311 16
4312 12
4313 18
4314 9
4315 18
4316 22
4317 10
4318 9
4319 20
4320 12
4321 15
4322 21
4323 4
4324 31
4325 16
4326 20
4327 13
4328 11
4329 11
4330 30
4331 2
4332 27
4333 10
4334 28
4335 17
4336 21
4337 15
4338 19
4339 13
4340 16
4341 18
4342 19
4343 22
4344 26
4345 20
4346 29
4347 16
4348 17
4349 7
4350 10
4351 15
4352 22
4353 17
4354 18
4355 14
4356 32
4357 24
4358 12
4359 17
4360 26
4361 15
4362 30
4363 16
4364 29
4365 13
4366 13
4367 23
4368 25
4369 16
4370 25
4371 11
4372 17
4373 27
4374 30
4375 32
4376 11
4377 20
4378 16
4379 22
4380 24
4381 24
4382 18
4383 18
4384 25
4385 9
4386 21
4387 6
4388 17
4389 19
4390 22
4391 24
4392 17
4393 8
4394 11
4395 19
4396 12
4397 17
4398 14
4399 25
4400 16
4401 26
4402 20
4403 13
4404 13
4405 9
4406 17
4407 17
4408 19
4409 3
4410 11
4411 20
4412 20
4413 22
4414 10
4415 13
4416 12
4417 21
4418 11
4419 16
4420 26
4421 11
4422 25
4423 4
4424 20
4425 17
4426 24
4427 20
4428 27
4429 18
4430 6
4431 18
4432 15
4433 11
4434 20
4435 17
4436 16
4437 21
4438 22
4439 11
4440 19
4441 11
4442 25
4443 17
4444 13
4445 19
4446 22
4447 8
4448 22
4449 13
4450 18
4451 17
4452 13
4453 16
4454 11
4455 12
4456 10
4457 26
4458 17
4459 19
4460 9
4461 5
4462 19
4463 24
4464 19
4465 7
4466 15
4467 7
4468 21
4469 3
4470 21
4471 11
4472 26
4473 12
4474 9
4475 15
4476 11
4477 15
4478 21
4479 16
4480 16
4481 6
4482 14
4483 18
4484 23
4485 11
4486 23
4487 10
4488 15
4489 16
4490 20
4491 12
4492 17
4493 25
4494 19
4495 22
4496 12
4497 17
4498 19
4499 26
4500 9
4501 18
4502 16
4503 11
4504 3
4505 21
4506 20
4507 17
4508 27
4509 19
4510 7
4511 17
4512 22
4513 7
4514 35
4515 20
4516 21
4517 25
4518 11
4519 12
4520 18
4521 17
4522 14
4523 10
4524 14
4525 16
4526 10
4527 24
4528 15
4529 25
4530 9
4531 17
4532 23
4533 21
4534 14
4535 16
4536 17
4537 0
4538 6
4539 17
4540 32
4541 12
4542 17
4543 7
4544 18
4545 12
4546 19
4547 12
4548 19
4549 23
4550 11
4551 15
4552 31
4553 19
4554 36
4555 23
4556 32
4557 26
4558 12
4559 31
4560 3
4561 21
4562 14
4563 12
4564 18
4565 13
4566 23
4567 20
4568 6
4569 17
4570 15
4571 17
4572 31
4573 16
4574 10
4575 27
4576 20
4577 12
4578 14
4579 15
4580 10
4581 16
4582 15
4583 21
4584 21
4585 23
4586 15
4587 10
4588 6
4589 20
4590 26
4591 18
4592 20
4593 14
4594 19
4595 19
4596 16
4597 32
4598 16
4599 27
4600 27
4601 12
4602 38
4603 17
4604 14
4605 18
4606 21
4607 23
4608 21
4609 21
4610 29
4611 7
4612 8
4613 20
4614 22
4615 17
4616 35
4617 23
4618 14
4619 20
4620 29
4621 24
4622 34
4623 11
4624 22
4625 17
4626 4
4627 31
4628 23
4629 14
4630 32
4631 21
4632 21
4633 22
4634 26
4635 12
4636 25
4637 8
4638 32
4639 10
4640 30
4641 27
4642 20
4643 21
4644 25
4645 17
4646 13
4647 27
4648 27
4649 12
4650 9
4651 11
4652 13
4653 24
4654 27
4655 22
4656 17
4657 21
4658 28
4659 25
4660 24
4661 35
4662 26
4663 20
4664 15
4665 24
4666 24
4667 32
4668 19
4669 12
4670 4
4671 18
4672 19
4673 22
4674 22
4675 25
4676 16
4677 27
4678 14
4679 23
4680 18
4681 10
4682 26
4683 19
4684 33
4685 23
4686 26
4687 21
4688 29
4689 26
4690 15
4691 14
4692 12
4693 11
4694 18
4695 15
4696 30
4697 22
4698 19
4699 35
4700 16
4701 8
4702 31
4703 20
4704 23
4705 13
4706 11
4707 21
4708 14
4709 14
4710 17
4711 13
4712 26
4713 11
4714 12
4715 19
4716 18
4717 32
4718 19
4719 18
4720 26
4721 21
4722 16
4723 12
4724 20
4725 8
4726 19
4727 20
4728 23
4729 23
4730 14
4731 20
4732 33
4733 10
4734 18
4735 23
4736 23
4737 21
4738 23
4739 12
4740 20
4741 13
4742 19
4743 23
4744 12
4745 16
4746 26
4747 9
4748 21
4749 9
4750 18
4751 9
4752 13
4753 6
4754 17
4755 13
4756 5
4757 23
4758 21
4759 10
4760 20
4761 19
4762 17
4763 34
4764 16
4765 15
4766 19
4767 24
4768 21
4769 10
4770 27
4771 18
4772 12
4773 16
4774 14
4775 27
4776 15
4777 16
4778 11
4779 11
4780 24
4781 21
4782 22
4783 8
4784 25
4785 18
4786 16
4787 19
4788 13
4789 14
4790 16
4791 27
4792 17
4793 27
4794 19
4795 10
4796 12
4797 20
4798 10
4799 36
4800 12
4801 25
4802 15
4803 15
4804 23
4805 19
4806 15
4807 10
4808 29
4809 11
4810 26
4811 15
4812 20
4813 11
4814 14
4815 18
4816 25
4817 28
4818 11
4819 21
4820 13
4821 22
4822 12
4823 9
4824 11
4825 14
4826 17
4827 20
4828 22
4829 11
4830 23
4831 28
4832 13
4833 15
4834 13
4835 13
4836 13
4837 15
4838 8
4839 16
4840 16
4841 16
4842 5
4843 25
4844 19
4845 17
4846 3
4847 41
4848 25
4849 20
4850 23
4851 25
4852 20
4853 21
4854 9
4855 16
4856 10
4857 9
4858 14
4859 21
4860 19
4861 17
4862 38
4863 26
4864 10
4865 16
4866 27
4867 22
4868 15
4869 23
4870 23
4871 3
4872 20
4873 9
4874 25
4875 22
4876 18
4877 17
4878 18
4879 19
4880 26
4881 17
4882 10
4883 13
4884 22
4885 11
4886 21
4887 11
4888 11
4889 5
4890 20
4891 28
4892 15
4893 20
4894 21
4895 16
4896 27
4897 28
4898 24
4899 18
4900 14
4901 19
4902 26
4903 14
4904 8
4905 19
4906 16
4907 16
4908 11
4909 14
4910 19
4911 11
4912 13
4913 5
4914 17
4915 19
4916 7
4917 22
4918 13
4919 3
4920 7
4921 14
4922 19
4923 12
4924 22
4925 16
4926 22
4927 31
4928 32
4929 19
4930 14
4931 11
4932 18
4933 17
4934 18
4935 11
4936 23
4937 14
4938 24
4939 28
4940 15
4941 16
4942 15
4943 18
4944 22
4945 37
4946 18
4947 10
4948 13
4949 14
4950 16
4951 20
4952 22
4953 23
4954 4
4955 27
4956 10
4957 15
4958 25
4959 18
4960 11
4961 16
4962 24
4963 24
4964 10
4965 16
4966 17
4967 12
4968 15
4969 26
4970 17
4971 23
4972 24
4973 17
4974 11
4975 21
4976 13
4977 30
4978 7
4979 18
4980 20
4981 16
4982 28
4983 18
4984 7
4985 21
4986 20
4987 26
4988 23
4989 24
4990 24
4991 11
4992 20
4993 20
4994 15
4995 31
4996 20
4997 22
4998 19
4999 17
5000 7
5001 7
