0 24
1 5
2 19
3 6
4 14
5 11
6 14
7 13
8 15
9 8
10 1
11 17
12 15
13 9
14 7
15 9
16 10
17 19
18 17
19 17
20 14
21 15
22 15
23 11
24 18
25 13
26 17
27 29
28 10
29 16
30 19
31 11
32 16
33 17
34 18
35 6
36 23
37 20
38 12
39 16
40 22
41 16
42 4
43 17
44 7
45 12
46 18
47 5
48 10
49 14
50 10
51 13
52 11
53 11
54 5
55 4
56 8
57 11
58 9
59 13
60 10
61 15
62 8
63 12
64 10
65 7
66 20
67 9
68 10
69 13
70 15
71 13
72 15
73 17
74 13
75 15
76 5
77 16
78 6
79 14
80 18
81 15
82 11
83 18
84 22
85 18
86 11
87 17
88 19
89 9
90 12
91 13
92 15
93 25
94 14
95 9
96 14
97 17
98 26
99 19
100 16
101 16
102 11
103 13
104 11
105 4
106 7
107 14
108 16
109 21
110 18
111 12
112 10
113 6
114 13
115 10
116 20
117 18
118 13
119 14
120 5
121 17
122 8
123 17
124 14
125 9
126 13
127 12
128 14
129 9
130 16
131 12
132 16
133 12
134 16
135 9
136 8
137 24
138 16
139 13
140 12
141 12
142 10
143 14
144 20
145 14
146 7
147 12
148 21
149 10
150 12
151 17
152 17
153 18
154 10
155 20
156 11
157 15
158 0
159 9
160 9
161 6
162 7
163 11
164 7
165 12
166 9
167 15
168 5
169 14
170 23
171 6
172 17
173 13
174 7
175 9
176 20
177 5
178 13
179 9
180 10
181 11
182 11
183 8
184 8
185 16
186 15
187 18
188 13
189 15
190 16
191 19
192 15
193 7
194 16
195 7
196 14
197 12
198 27
199 13
200 10
201 12
202 10
203 11
204 7
205 10
206 5
207 13
208 20
209 7
210 18
211 19
212 11
213 13
214 13
215 21
216 7
217 12
218 23
219 7
220 21
221 11
222 11
223 11
224 20
225 13
226 9
227 15
228 13
229 16
230 16
231 10
232 15
233 16
234 7
235 8
236 12
237 18
238 13
239 12
240 13
241 15
242 18
243 18
244 9
245 7
246 23
247 11
248 12
249 17
250 14
251 17
252 14
253 13
254 15
255 13
256 17
257 3
258 11
259 8
260 10
261 14
262 10
263 6
264 9
265 12
266 21
267 15
268 9
269 10
270 12
271 20
272 19
273 21
274 11
275 12
276 14
277 16
278 13
279 17
280 8
281 5
282 18
283 1
284 16
285 17
286 13
287 16
288 20
289 17
290 19
291 9
292 9
293 15
294 12
295 4
296 0
297 4
298 3
299 6
300 10
301 10
302 2
303 13
304 6
305 12
306 13
307 19
308 11
309 13
310 7
311 8
312 11
313 14
314 20
315 15
316 20
317 24
318 14
319 11
320 20
321 18
322 17
323 21
324 7
325 9
326 18
327 13
328 13
329 14
330 12
331 6
332 1
333 11
334 8
335 19
336 14
337 4
338 17
339 12
340 11
341 8
342 10
343 19
344 14
345 4
346 11
347 14
348 11
349 7
350 11
351 19
352 8
353 19
354 21
355 9
356 16
357 12
358 17
359 9
360 5
361 11
362 11
363 22
364 19
365 15
366 23
367 11
368 23
369 9
370 21
371 12
372 11
373 15
374 11
375 3
376 8
377 6
378 15
379 8
380 14
381 11
382 20
383 5
384 23
385 14
386 13
387 17
388 19
389 19
390 6
391 11
392 4
393 15
394 9
395 4
396 6
397 20
398 9
399 17
400 11
401 5
402 10
403 20
404 20
405 15
406 12
407 13
408 18
409 19
410 12
411 12
412 14
413 2
414 17
415 16
416 7
417 10
418 6
419 10
420 10
421 12
422 22
423 17
424 16
425 16
426 17
427 33
428 11
429 14
430 26
431 19
432 19
433 11
434 9
435 13
436 7
437 13
438 11
439 9
440 9
441 10
442 18
443 14
444 15
445 9
446 10
447 10
448 16
449 13
450 16
451 12
452 7
453 11
454 3
455 8
456 19
457 12
458 6
459 5
460 27
461 6
462 19
463 4
464 8
465 2
466 2
467 0
468 16
469 17
470 12
471 17
472 8
473 19
474 5
475 12
476 9
477 7
478 5
479 14
480 10
481 5
482 10
483 6
484 9
485 8
486 10
487 13
488 7
489 7
490 10
491 10
492 14
493 15
494 11
495 9
496 20
497 18
498 10
499 14
500 10
501 18
502 20
503 20
504 11
505 13
506 13
507 13
508 10
509 13
510 12
511 9
512 16
513 17
514 20
515 11
516 15
517 21
518 11
519 10
520 14
521 9
522 10
523 7
524 5
525 19
526 15
527 7
528 12
529 11
530 19
531 20
532 18
533 8
534 15
535 9
536 6
537 6
538 8
539 10
540 9
541 22
542 9
543 7
544 37
545 22
546 21
547 7
548 11
549 7
550 13
551 5
552 15
553 6
554 8
555 14
556 12
557 10
558 6
559 21
560 7
561 10
562 13
563 13
564 18
565 12
566 20
567 21
568 9
569 12
570 20
571 10
572 16
573 10
574 21
575 16
576 12
577 20
578 17
579 21
580 9
581 11
582 12
583 4
584 10
585 2
586 13
587 27
588 18
589 8
590 7
591 18
592 21
593 11
594 17
595 14
596 25
597 11
598 21
599 10
600 11
601 12
602 18
603 7
604 6
605 6
606 10
607 10
608 17
609 15
610 24
611 6
612 9
613 13
614 10
615 6
616 14
617 19
618 13
619 18
620 12
621 2
622 19
623 12
624 20
625 13
626 11
627 5
628 19
629 18
630 9
631 12
632 22
633 6
634 13
635 17
636 24
637 20
638 19
639 17
640 13
641 7
642 7
643 16
644 13
645 5
646 10
647 11
648 8
649 19
650 10
651 17
652 12
653 9
654 9
655 12
656 12
657 17
658 18
659 9
660 14
661 9
662 9
663 10
664 1
665 16
666 10
667 28
668 4
669 6
670 6
671 10
672 4
673 5
674 27
675 3
676 21
677 19
678 12
679 29
680 15
681 12
682 4
683 15
684 13
685 10
686 1
687 13
688 13
689 18
690 6
691 5
692 12
693 13
694 21
695 12
696 14
697 5
698 10
699 9
700 18
701 7
702 7
703 8
704 16
705 5
706 7
707 9
708 14
709 19
710 1
711 10
712 8
713 3
714 5
715 13
716 11
717 17
718 10
719 7
720 13
721 11
722 20
723 10
724 13
725 13
726 11
727 16
728 8
729 6
730 2
731 3
732 12
733 11
734 9
735 12
736 6
737 16
738 12
739 14
740 16
741 16
742 5
743 12
744 5
745 8
746 9
747 1
748 11
749 7
750 5
751 24
752 6
753 6
754 17
755 18
756 16
757 13
758 7
759 11
760 6
761 9
762 11
763 10
764 22
765 8
766 14
767 22
768 7
769 11
770 3
771 10
772 14
773 9
774 13
775 7
776 15
777 14
778 13
779 20
780 12
781 9
782 13
783 17
784 12
785 11
786 17
787 9
788 13
789 12
790 6
791 13
792 17
793 18
794 22
795 22
796 12
797 20
798 13
799 17
800 8
801 18
802 5
803 11
804 8
805 9
806 12
807 12
808 9
809 9
810 23
811 10
812 9
813 8
814 21
815 17
816 17
817 19
818 10
819 9
820 21
821 10
822 10
823 5
824 12
825 15
826 20
827 9
828 18
829 13
830 18
831 15
832 6
833 13
834 11
835 24
836 12
837 15
838 23
839 9
840 6
841 11
842 11
843 8
844 10
845 18
846 17
847 11
848 23
849 22
850 17
851 11
852 10
853 13
854 17
855 29
856 24
857 8
858 20
859 6
860 14
861 31
862 15
863 35
864 13
865 13
866 22
867 19
868 22
869 17
870 20
871 14
872 16
873 6
874 22
875 14
876 22
877 29
878 14
879 14
880 14
881 19
882 12
883 24
884 22
885 16
886 16
887 10
888 32
889 12
890 32
891 14
892 7
893 16
894 14
895 18
896 15
897 26
898 25
899 18
900 6
901 15
902 17
903 9
904 15
905 7
906 25
907 8
908 7
909 15
910 13
911 9
912 10
913 24
914 13
915 11
916 11
917 11
918 16
919 13
920 8
921 8
922 19
923 5
924 18
925 17
926 30
927 12
928 7
929 10
930 10
931 24
932 19
933 3
934 19
935 20
936 17
937 5
938 26
939 10
940 15
941 9
942 19
943 22
944 23
945 15
946 25
947 14
948 13
949 7
950 8
951 13
952 13
953 8
954 15
955 5
956 15
957 17
958 11
959 13
960 12
961 14
962 15
963 20
964 10
965 7
966 15
967 13
968 13
969 11
970 13
971 10
972 14
973 12
974 15
975 7
976 21
977 10
978 10
979 16
980 8
981 12
982 11
983 18
984 20
985 22
986 7
987 11
988 11
989 8
990 8
991 11
992 19
993 7
994 18
995 10
996 19
997 15
998 12
999 16
1000 13
1001 26
1002 17
1003 13
1004 26
1005 18
1006 14
1007 9
1008 6
1009 18
1010 15
1011 10
1012 14
1013 15
1014 9
1015 10
1016 14
1017 21
1018 8
1019 11
1020 9
1021 12
1022 14
1023 9
1024 10
1025 12
1026 13
1027 12
1028 6
1029 12
1030 15
1031 26
1032 23
1033 12
1034 7
1035 19
1036 14
1037 9
1038 13
1039 17
1040 14
1041 13
1042 7
1043 18
1044 8
1045 7
1046 12
1047 18
1048 13
1049 18
1050 19
1051 9
1052 17
1053 11
1054 9
1055 12
1056 15
1057 8
1058 14
1059 17
1060 14
1061 26
1062 22
1063 20
1064 14
1065 12
1066 8
1067 19
1068 13
1069 16
1070 15
1071 18
1072 13
1073 9
1074 6
1075 13
1076 14
1077 9
1078 18
1079 25
1080 26
1081 15
1082 25
1083 13
1084 14
1085 11
1086 7
1087 8
1088 9
1089 7
1090 11
1091 15
1092 14
1093 19
1094 21
1095 23
1096 13
1097 20
1098 7
1099 19
1100 20
1101 17
1102 16
1103 16
1104 12
1105 22
1106 26
1107 20
1108 22
1109 17
1110 25
1111 17
1112 22
1113 20
1114 17
1115 15
1116 23
1117 15
1118 6
1119 20
1120 16
1121 11
1122 16
1123 9
1124 27
1125 19
1126 11
1127 6
1128 11
1129 15
1130 24
1131 25
1132 16
1133 16
1134 23
1135 15
1136 11
1137 20
1138 16
1139 24
1140 14
1141 23
1142 25
1143 11
1144 18
1145 30
1146 16
1147 18
1148 11
1149 19
1150 15
1151 19
1152 16
1153 10
1154 22
1155 20
1156 11
1157 10
1158 16
1159 12
1160 11
1161 19
1162 11
1163 19
1164 16
1165 16
1166 21
1167 22
1168 17
1169 22
1170 17
1171 20
1172 15
1173 14
1174 16
1175 19
1176 16
1177 20
1178 13
1179 14
1180 11
1181 11
1182 20
1183 16
1184 9
1185 20
1186 14
1187 20
1188 23
1189 9
1190 14
1191 18
1192 11
1193 23
1194 14
1195 10
1196 20
1197 6
1198 15
1199 23
1200 12
1201 12
1202 6
1203 15
1204 13
1205 10
1206 20
1207 4
1208 15
1209 11
1210 11
1211 16
1212 25
1213 14
1214 14
1215 18
1216 12
1217 20
1218 14
1219 13
1220 14
1221 11
1222 9
1223 11
1224 13
1225 16
1226 24
1227 20
1228 26
1229 13
1230 17
1231 11
1232 7
1233 11
1234 17
1235 18
1236 17
1237 23
1238 7
1239 14
1240 12
1241 14
1242 8
1243 5
1244 12
1245 12
1246 20
1247 10
1248 16
1249 9
1250 11
1251 8
1252 11
1253 22
1254 5
1255 22
1256 15
1257 11
1258 15
1259 14
1260 11
1261 12
1262 15
1263 7
1264 9
1265 13
1266 5
1267 16
1268 17
1269 15
1270 11
1271 21
1272 10
1273 20
1274 13
1275 26
1276 20
1277 9
1278 30
1279 17
1280 18
1281 13
1282 8
1283 13
1284 9
1285 11
1286 8
1287 10
1288 10
1289 29
1290 8
1291 11
1292 5
1293 14
1294 12
1295 8
1296 14
1297 7
1298 19
1299 25
1300 15
1301 8
1302 23
1303 18
1304 22
1305 6
1306 17
1307 10
1308 27
1309 18
1310 14
1311 13
1312 18
1313 4
1314 13
1315 22
1316 17
1317 14
1318 18
1319 11
1320 9
1321 10
1322 20
1323 14
1324 16
1325 8
1326 17
1327 12
1328 25
1329 13
1330 9
1331 22
1332 14
1333 14
1334 18
1335 23
1336 16
1337 16
1338 12
1339 15
1340 21
1341 16
1342 12
1343 24
1344 16
1345 36
1346 17
1347 16
1348 15
1349 15
1350 9
1351 17
1352 13
1353 14
1354 22
1355 22
1356 16
1357 12
1358 8
1359 23
1360 10
1361 10
1362 19
1363 19
1364 15
1365 17
1366 9
1367 15
1368 20
1369 17
1370 14
1371 16
1372 17
1373 18
1374 13
1375 24
1376 18
1377 15
1378 15
1379 19
1380 24
1381 20
1382 9
1383 19
1384 7
1385 16
1386 14
1387 12
1388 14
1389 23
1390 11
1391 26
1392 11
1393 19
1394 12
1395 20
1396 16
1397 13
1398 11
1399 13
1400 29
1401 24
1402 14
1403 14
1404 21
1405 21
1406 15
1407 13
1408 12
1409 19
1410 9
1411 15
1412 20
1413 12
1414 15
1415 18
1416 9
1417 12
1418 10
1419 12
1420 15
1421 19
1422 12
1423 17
1424 16
1425 7
1426 13
1427 16
1428 3
1429 10
1430 5
1431 23
1432 12
1433 12
1434 11
1435 6
1436 24
1437 19
1438 16
1439 20
1440 27
1441 16
1442 15
1443 11
1444 18
1445 8
1446 15
1447 23
1448 19
1449 13
1450 19
1451 16
1452 17
1453 10
1454 19
1455 9
1456 22
1457 21
1458 14
1459 10
1460 18
1461 20
1462 25
1463 20
1464 25
1465 17
1466 7
1467 13
1468 13
1469 20
1470 14
1471 16
1472 25
1473 20
1474 7
1475 25
1476 20
1477 20
1478 14
1479 18
1480 28
1481 16
1482 13
1483 11
1484 22
1485 15
1486 12
1487 17
1488 6
1489 28
1490 14
1491 17
1492 21
1493 5
1494 22
1495 12
1496 13
1497 15
1498 11
1499 8
1500 16
1501 12
1502 6
1503 18
1504 14
1505 9
1506 11
1507 12
1508 11
1509 13
1510 9
1511 13
1512 17
1513 20
1514 23
1515 14
1516 19
1517 22
1518 12
1519 17
1520 13
1521 16
1522 15
1523 17
1524 21
1525 9
1526 27
1527 19
1528 26
1529 23
1530 15
1531 13
1532 15
1533 17
1534 22
1535 20
1536 11
1537 22
1538 11
1539 14
1540 17
1541 18
1542 15
1543 14
1544 17
1545 15
1546 19
1547 21
1548 10
1549 24
1550 13
1551 22
1552 17
1553 21
1554 14
1555 13
1556 21
1557 11
1558 11
1559 18
1560 18
1561 10
1562 28
1563 12
1564 6
1565 20
1566 18
1567 12
1568 14
1569 12
1570 14
1571 9
1572 1
1573 5
1574 16
1575 1
1576 16
1577 14
1578 13
1579 8
1580 12
1581 1
1582 8
1583 3
1584 10
1585 12
1586 7
1587 10
1588 4
1589 20
1590 15
1591 5
1592 0
1593 10
1594 8
1595 2
1596 13
1597 9
1598 12
1599 13
1600 24
1601 11
1602 12
1603 9
1604 10
1605 14
1606 14
1607 8
1608 8
1609 13
1610 15
1611 7
1612 16
1613 13
1614 14
1615 14
1616 12
1617 3
1618 9
1619 9
1620 9
1621 9
1622 3
1623 10
1624 1
1625 3
1626 1
1627 6
1628 2
1629 0
1630 4
1631 11
1632 9
1633 3
1634 11
1635 8
1636 8
1637 7
1638 3
1639 9
1640 11
1641 12
1642 15
1643 15
1644 22
1645 12
1646 13
1647 11
1648 14
1649 10
1650 25
1651 16
1652 5
1653 17
1654 11
1655 15
1656 20
1657 9
1658 19
1659 18
1660 13
1661 24
1662 8
1663 13
1664 16
1665 18
1666 11
1667 18
1668 18
1669 14
1670 20
1671 26
1672 19
1673 16
1674 29
1675 9
1676 22
1677 7
1678 24
1679 10
1680 13
1681 17
1682 5
1683 13
1684 23
1685 10
1686 19
1687 15
1688 8
1689 8
1690 4
1691 13
1692 25
1693 20
1694 13
1695 8
1696 22
1697 7
1698 18
1699 10
1700 24
1701 21
1702 17
1703 31
1704 16
1705 14
1706 7
1707 13
1708 22
1709 12
1710 17
1711 19
1712 10
1713 8
1714 20
1715 13
1716 7
1717 8
1718 14
1719 19
1720 18
1721 12
1722 10
1723 22
1724 11
1725 11
1726 15
1727 16
1728 18
1729 12
1730 14
1731 10
1732 18
1733 4
1734 12
1735 26
1736 8
1737 22
1738 18
1739 16
1740 11
1741 9
1742 14
1743 21
1744 12
1745 21
1746 16
1747 10
1748 13
1749 15
1750 26
1751 14
1752 10
1753 8
1754 20
1755 26
1756 8
1757 18
1758 21
1759 18
1760 17
1761 16
1762 26
1763 20
1764 23
1765 18
1766 15
1767 15
1768 27
1769 20
1770 12
1771 12
1772 19
1773 15
1774 23
1775 15
1776 26
1777 16
1778 15
1779 14
1780 25
1781 11
1782 15
1783 9
1784 19
1785 21
1786 9
1787 16
1788 22
1789 16
1790 5
1791 17
1792 25
1793 21
1794 12
1795 18
1796 2
1797 11
1798 13
1799 23
1800 14
1801 22
1802 9
1803 9
1804 11
1805 7
1806 27
1807 18
1808 3
1809 18
1810 7
1811 15
1812 19
1813 11
1814 18
1815 21
1816 5
1817 12
1818 12
1819 9
1820 15
1821 18
1822 2
1823 17
1824 10
1825 13
1826 11
1827 16
1828 8
1829 14
1830 13
1831 17
1832 11
1833 17
1834 8
1835 12
1836 15
1837 16
1838 18
1839 15
1840 15
1841 11
1842 16
1843 8
1844 6
1845 10
1846 4
1847 12
1848 18
1849 15
1850 12
1851 15
1852 23
1853 15
1854 14
1855 11
1856 9
1857 12
1858 19
1859 16
1860 13
1861 18
1862 13
1863 15
1864 5
1865 4
1866 11
1867 17
1868 32
1869 8
1870 13
1871 14
1872 17
1873 23
1874 13
1875 9
1876 19
1877 10
1878 14
1879 22
1880 5
1881 26
1882 17
1883 24
1884 17
1885 14
1886 24
1887 11
1888 16
1889 14
1890 15
1891 17
1892 20
1893 8
1894 13
1895 14
1896 11
1897 22
1898 21
1899 18
1900 10
1901 19
1902 16
1903 5
1904 10
1905 21
1906 9
1907 15
1908 17
1909 15
1910 21
1911 11
1912 17
1913 11
1914 14
1915 14
1916 14
1917 15
1918 13
1919 15
1920 11
1921 16
1922 14
1923 10
1924 18
1925 9
1926 19
1927 16
1928 36
1929 11
1930 13
1931 6
1932 8
1933 11
1934 18
1935 6
1936 17
1937 11
1938 11
1939 15
1940 11
1941 11
1942 16
1943 9
1944 2
1945 7
1946 5
1947 4
1948 2
1949 11
1950 3
1951 12
1952 2
1953 4
1954 12
1955 19
1956 13
1957 15
1958 11
1959 4
1960 4
1961 5
1962 13
1963 7
1964 2
1965 2
1966 11
1967 24
1968 4
1969 10
1970 22
1971 7
1972 11
1973 3
1974 16
1975 18
1976 13
1977 18
1978 15
1979 9
1980 11
1981 4
1982 15
1983 9
1984 14
1985 7
1986 14
1987 8
1988 2
1989 8
1990 4
1991 2
1992 3
1993 3
1994 5
1995 9
1996 4
1997 9
1998 16
1999 9
2000 12
2001 5
2002 11
2003 18
2004 11
2005 1
2006 10
2007 8
2008 19
2009 18
2010 12
2011 15
2012 19
2013 7
2014 13
2015 2
2016 14
2017 7
2018 14
2019 8
2020 16
2021 11
2022 15
2023 13
2024 7
2025 17
2026 18
2027 15
2028 11
2029 7
2030 9
2031 10
2032 19
2033 13
2034 13
2035 5
2036 20
2037 6
2038 18
2039 16
2040 21
2041 10
2042 15
2043 13
2044 14
2045 21
2046 5
2047 17
2048 17
2049 12
2050 31
2051 14
2052 18
2053 18
2054 6
2055 8
2056 9
2057 8
2058 24
2059 23
2060 13
2061 12
2062 17
2063 10
2064 10
2065 16
2066 16
2067 21
2068 14
2069 12
2070 13
2071 10
2072 6
2073 9
2074 26
2075 10
2076 5
2077 35
2078 14
2079 13
2080 18
2081 9
2082 17
2083 13
2084 9
2085 30
2086 13
2087 9
2088 21
2089 8
2090 16
2091 11
2092 22
2093 16
2094 12
2095 3
2096 3
2097 20
2098 1
2099 8
2100 15
2101 0
2102 18
2103 19
2104 9
2105 7
2106 13
2107 8
2108 7
2109 10
2110 15
2111 15
2112 19
2113 27
2114 13
2115 16
2116 7
2117 13
2118 13
2119 13
2120 14
2121 7
2122 18
2123 18
2124 6
2125 9
2126 5
2127 16
2128 9
2129 14
2130 11
2131 18
2132 15
2133 17
2134 4
2135 25
2136 31
2137 13
2138 10
2139 6
2140 8
2141 13
2142 14
2143 14
2144 21
2145 18
2146 12
2147 14
2148 12
2149 13
2150 9
2151 7
2152 11
2153 11
2154 15
2155 16
2156 9
2157 13
2158 17
2159 21
2160 11
2161 8
2162 3
2163 19
2164 11
2165 31
2166 29
2167 11
2168 13
2169 21
2170 4
2171 24
2172 16
2173 4
2174 14
2175 12
2176 14
2177 10
2178 24
2179 23
2180 11
2181 4
2182 16
2183 18
2184 14
2185 11
2186 16
2187 14
2188 17
2189 11
2190 12
2191 13
2192 7
2193 12
2194 10
2195 7
2196 5
2197 4
2198 19
2199 13
2200 13
2201 14
2202 11
2203 21
2204 18
2205 25
2206 9
2207 10
2208 13
2209 7
2210 7
2211 18
2212 14
2213 17
2214 10
2215 11
2216 20
2217 5
2218 8
2219 9
2220 14
2221 11
2222 6
2223 17
2224 15
2225 13
2226 13
2227 16
2228 3
2229 10
2230 12
2231 9
2232 16
2233 5
2234 9
2235 10
2236 15
2237 11
2238 15
2239 9
2240 14
2241 18
2242 13
2243 10
2244 7
2245 11
2246 11
2247 15
2248 9
2249 10
2250 18
2251 26
2252 6
2253 8
2254 7
2255 5
2256 11
2257 8
2258 11
2259 5
2260 4
2261 10
2262 10
2263 16
2264 16
2265 16
2266 6
2267 10
2268 10
2269 8
2270 15
2271 1
2272 20
2273 7
2274 18
2275 9
2276 4
2277 17
2278 21
2279 14
2280 16
2281 26
2282 14
2283 33
2284 8
2285 8
2286 13
2287 25
2288 20
2289 15
2290 9
2291 26
2292 6
2293 15
2294 24
2295 15
2296 27
2297 10
2298 13
2299 16
2300 6
2301 20
2302 14
2303 17
2304 2
2305 18
2306 17
2307 7
2308 7
2309 19
2310 11
2311 11
2312 9
2313 13
2314 19
2315 21
2316 13
2317 21
2318 16
2319 23
2320 17
2321 7
2322 5
2323 19
2324 6
2325 17
2326 18
2327 11
2328 17
2329 16
2330 8
2331 9
2332 4
2333 19
2334 15
2335 19
2336 14
2337 20
2338 27
2339 6
2340 16
2341 9
2342 6
2343 11
2344 9
2345 5
2346 10
2347 7
2348 14
2349 21
2350 4
2351 7
2352 7
2353 8
2354 9
2355 9
2356 13
2357 14
2358 24
2359 16
2360 5
2361 5
2362 22
2363 6
2364 12
2365 13
2366 12
2367 26
2368 16
2369 14
2370 12
2371 7
2372 12
2373 9
2374 7
2375 10
2376 11
2377 6
2378 11
2379 16
2380 10
2381 11
2382 6
2383 8
2384 26
2385 10
2386 5
2387 9
2388 13
2389 10
2390 16
2391 17
2392 6
2393 7
2394 5
2395 12
2396 6
2397 14
2398 16
2399 10
2400 12
2401 12
2402 9
2403 22
2404 13
2405 2
2406 20
2407 15
2408 9
2409 16
2410 6
2411 12
2412 6
2413 8
2414 3
2415 17
2416 8
2417 15
2418 7
2419 8
2420 6
2421 8
2422 4
2423 13
2424 4
2425 1
2426 2
2427 18
2428 19
2429 5
2430 11
2431 32
2432 12
2433 12
2434 10
2435 12
2436 11
2437 6
2438 8
2439 15
2440 11
2441 17
2442 12
2443 15
2444 11
2445 10
2446 14
2447 10
2448 20
2449 14
2450 19
2451 9
2452 17
2453 10
2454 7
2455 9
2456 6
2457 5
2458 7
2459 14
2460 8
2461 1
2462 6
2463 7
2464 18
2465 19
2466 12
2467 7
2468 18
2469 9
2470 4
2471 14
2472 15
2473 4
2474 11
2475 19
2476 9
2477 11
2478 12
2479 20
2480 15
2481 11
2482 9
2483 6
2484 10
2485 18
2486 10
2487 20
2488 10
2489 11
2490 9
2491 6
2492 16
2493 6
2494 14
2495 21
2496 14
2497 21
2498 14
2499 14
2500 18
2501 10
2502 12
2503 12
2504 9
2505 10
2506 18
2507 20
2508 6
2509 22
2510 10
2511 6
2512 18
2513 18
2514 10
2515 20
2516 21
2517 10
2518 19
2519 20
2520 19
2521 16
2522 22
2523 8
2524 12
2525 11
2526 3
2527 11
2528 22
2529 12
2530 10
2531 16
2532 19
2533 14
2534 19
2535 19
2536 21
2537 12
2538 15
2539 15
2540 12
2541 16
2542 14
2543 7
2544 18
2545 15
2546 10
2547 4
2548 23
2549 27
2550 16
2551 13
2552 7
2553 10
2554 11
2555 15
2556 1
2557 22
2558 14
2559 12
2560 10
2561 13
2562 8
2563 22
2564 11
2565 15
2566 16
2567 14
2568 11
2569 14
2570 18
2571 23
2572 7
2573 14
2574 8
2575 17
2576 17
2577 13
2578 11
2579 14
2580 9
2581 22
2582 22
2583 21
2584 22
2585 15
2586 21
2587 5
2588 9
2589 9
2590 10
2591 5
2592 20
2593 21
2594 8
2595 14
2596 11
2597 17
2598 15
2599 8
2600 10
2601 9
2602 14
2603 5
2604 15
2605 5
2606 12
2607 13
2608 19
2609 5
2610 8
2611 8
2612 15
2613 6
2614 21
2615 8
2616 22
2617 19
2618 13
2619 19
2620 15
2621 9
2622 10
2623 15
2624 6
2625 17
2626 4
2627 10
2628 15
2629 8
2630 19
2631 26
2632 10
2633 13
2634 14
2635 17
2636 9
2637 25
2638 20
2639 3
2640 13
2641 9
2642 9
2643 10
2644 17
2645 13
2646 8
2647 9
2648 14
2649 13
2650 17
2651 5
2652 4
2653 13
2654 7
2655 9
2656 5
2657 14
2658 12
2659 17
2660 18
2661 10
2662 4
2663 13
2664 14
2665 17
2666 17
2667 9
2668 9
2669 8
2670 16
2671 16
2672 16
2673 15
2674 7
2675 18
2676 9
2677 9
2678 5
2679 15
2680 10
2681 6
2682 11
2683 10
2684 21
2685 12
2686 17
2687 15
2688 6
2689 8
2690 12
2691 12
2692 11
2693 19
2694 10
2695 13
2696 23
2697 16
2698 35
2699 18
2700 10
2701 14
2702 13
2703 8
2704 6
2705 18
2706 17
2707 17
2708 10
2709 15
2710 11
2711 4
2712 4
2713 7
2714 8
2715 1
2716 10
2717 11
2718 7
2719 7
2720 14
2721 22
2722 7
2723 8
2724 10
2725 14
2726 22
2727 19
2728 14
2729 9
2730 9
2731 12
2732 12
2733 14
2734 19
2735 9
2736 13
2737 11
2738 8
2739 5
2740 9
2741 12
2742 15
2743 5
2744 19
2745 17
2746 26
2747 12
2748 9
2749 18
2750 11
2751 30
2752 20
2753 12
2754 6
2755 13
2756 12
2757 7
2758 7
2759 8
2760 11
2761 7
2762 23
2763 13
2764 17
2765 12
2766 19
2767 13
2768 17
2769 16
2770 11
2771 12
2772 15
2773 2
2774 3
2775 6
2776 14
2777 16
2778 14
2779 11
2780 9
2781 8
2782 7
2783 9
2784 7
2785 24
2786 14
2787 16
2788 13
2789 11
2790 15
2791 10
2792 2
2793 7
2794 8
2795 4
2796 6
2797 3
2798 7
2799 13
2800 7
2801 6
2802 14
2803 14
2804 12
2805 17
2806 8
2807 13
2808 18
2809 11
2810 10
2811 17
2812 19
2813 9
2814 1
2815 14
2816 16
2817 15
2818 3
2819 16
2820 10
2821 10
2822 10
2823 16
2824 20
2825 14
2826 4
2827 15
2828 5
2829 5
2830 19
2831 12
2832 22
2833 19
2834 18
2835 7
2836 11
2837 9
2838 11
2839 16
2840 11
2841 15
2842 14
2843 6
2844 22
2845 20
2846 11
2847 23
2848 15
2849 12
2850 15
2851 9
2852 16
2853 18
2854 18
2855 14
2856 23
2857 19
2858 7
2859 19
2860 17
2861 11
2862 15
2863 9
2864 5
2865 7
2866 11
2867 17
2868 19
2869 16
2870 10
2871 9
2872 10
2873 15
2874 7
2875 10
2876 19
2877 13
2878 25
2879 16
2880 11
2881 19
2882 17
2883 13
2884 16
2885 12
2886 20
2887 15
2888 15
2889 15
2890 17
2891 23
2892 9
2893 19
2894 13
2895 10
2896 34
2897 24
2898 7
2899 10
2900 22
2901 9
2902 13
2903 24
2904 20
2905 17
2906 8
2907 13
2908 9
2909 15
2910 8
2911 2
2912 13
2913 16
2914 14
2915 13
2916 8
2917 5
2918 11
2919 6
2920 6
2921 18
2922 13
2923 8
2924 10
2925 23
2926 16
2927 8
2928 23
2929 21
2930 14
2931 11
2932 18
2933 14
2934 16
2935 10
2936 9
2937 21
2938 9
2939 19
2940 11
2941 26
2942 15
2943 23
2944 13
2945 13
2946 7
2947 14
2948 19
2949 6
2950 12
2951 4
2952 10
2953 18
2954 18
2955 17
2956 4
2957 7
2958 11
2959 15
2960 8
2961 7
2962 9
2963 16
2964 15
2965 11
2966 16
2967 22
2968 17
2969 17
2970 2
2971 8
2972 21
2973 8
2974 15
2975 22
2976 6
2977 10
2978 10
2979 13
2980 9
2981 18
2982 14
2983 14
2984 11
2985 6
2986 7
2987 7
2988 2
2989 13
2990 14
2991 10
2992 13
2993 17
2994 4
2995 11
2996 14
2997 11
2998 9
2999 16
3000 18
3001 9
3002 14
3003 5
3004 15
3005 19
3006 10
3007 13
3008 15
3009 15
3010 27
3011 11
3012 12
3013 1
3014 10
3015 11
3016 12
3017 22
3018 26
3019 12
3020 4
3021 9
3022 26
3023 3
3024 19
3025 20
3026 17
3027 17
3028 10
3029 8
3030 19
3031 9
3032 13
3033 14
3034 20
3035 13
3036 12
3037 18
3038 24
3039 9
3040 6
3041 17
3042 4
3043 18
3044 24
3045 10
3046 10
3047 15
3048 8
3049 7
3050 10
3051 19
3052 7
3053 14
3054 11
3055 19
3056 11
3057 11
3058 19
3059 4
3060 16
3061 4
3062 5
3063 17
3064 5
3065 14
3066 11
3067 14
3068 10
3069 22
3070 8
3071 22
3072 9
3073 15
3074 5
3075 3
3076 15
3077 7
3078 10
3079 11
3080 8
3081 3
3082 8
3083 14
3084 4
3085 11
3086 11
3087 10
3088 3
3089 6
3090 13
3091 8
3092 12
3093 15
3094 18
3095 17
3096 8
3097 7
3098 10
3099 18
3100 7
3101 9
3102 12
3103 14
3104 7
3105 12
3106 12
3107 14
3108 9
3109 23
3110 8
3111 15
3112 15
3113 7
3114 15
3115 16
3116 17
3117 7
3118 16
3119 7
3120 17
3121 7
3122 8
3123 24
3124 9
3125 11
3126 16
3127 11
3128 22
3129 13
3130 12
3131 13
3132 15
3133 7
3134 8
3135 3
3136 14
3137 4
3138 11
3139 7
3140 12
3141 18
3142 3
3143 8
3144 16
3145 10
3146 5
3147 11
3148 9
3149 11
3150 26
3151 12
3152 16
3153 11
3154 19
3155 16
3156 13
3157 16
3158 15
3159 9
3160 8
3161 17
3162 6
3163 15
3164 22
3165 18
3166 26
3167 11
3168 23
3169 11
3170 10
3171 21
3172 21
3173 11
3174 12
3175 15
3176 15
3177 11
3178 24
3179 21
3180 14
3181 27
3182 11
3183 23
3184 18
3185 6
3186 15
3187 11
3188 9
3189 15
3190 15
3191 6
3192 10
3193 12
3194 15
3195 11
3196 22
3197 14
3198 12
3199 18
3200 13
3201 15
3202 15
3203 11
3204 16
3205 16
3206 16
3207 14
3208 13
3209 15
3210 3
3211 5
3212 13
3213 7
3214 18
3215 28
3216 19
3217 17
3218 9
3219 25
3220 16
3221 11
3222 10
3223 10
3224 12
3225 6
3226 11
3227 3
3228 11
3229 4
3230 8
3231 19
3232 23
3233 12
3234 9
3235 13
3236 13
3237 8
3238 5
3239 12
3240 9
3241 10
3242 17
3243 15
3244 13
3245 12
3246 12
3247 18
3248 8
3249 15
3250 15
3251 13
3252 21
3253 9
3254 14
3255 17
3256 10
3257 12
3258 7
3259 16
3260 8
3261 21
3262 31
3263 10
3264 11
3265 14
3266 16
3267 13
3268 11
3269 19
3270 6
3271 7
3272 12
3273 8
3274 13
3275 14
3276 11
3277 1
3278 14
3279 4
3280 7
3281 11
3282 7
3283 11
3284 6
3285 4
3286 9
3287 1
3288 5
3289 8
3290 14
3291 21
3292 3
3293 13
3294 16
3295 3
3296 5
3297 1
3298 13
3299 8
3300 4
3301 6
3302 15
3303 19
3304 15
3305 12
3306 15
3307 11
3308 21
3309 5
3310 8
3311 17
3312 16
3313 12
3314 6
3315 16
3316 14
3317 7
3318 6
3319 6
3320 5
3321 13
3322 10
3323 12
3324 17
3325 17
3326 4
3327 6
3328 1
3329 11
3330 3
3331 13
3332 6
3333 8
3334 8
3335 11
3336 12
3337 6
3338 16
3339 15
3340 11
3341 10
3342 6
3343 0
3344 5
3345 11
3346 1
3347 4
3348 14
3349 4
3350 18
3351 21
3352 5
3353 6
3354 11
3355 13
3356 11
3357 15
3358 13
3359 7
3360 6
3361 5
3362 5
3363 18
3364 7
3365 16
3366 6
3367 7
3368 11
3369 18
3370 13
3371 10
3372 16
3373 5
3374 10
3375 14
3376 16
3377 11
3378 16
3379 11
3380 5
3381 8
3382 7
3383 6
3384 19
3385 12
3386 11
3387 16
3388 14
3389 16
3390 6
3391 15
3392 13
3393 7
3394 17
3395 5
3396 12
3397 9
3398 18
3399 5
3400 15
3401 5
3402 19
3403 10
3404 7
3405 15
3406 12
3407 8
3408 8
3409 15
3410 25
3411 19
3412 18
3413 16
3414 13
3415 9
3416 9
3417 9
3418 18
3419 7
3420 7
3421 3
3422 21
3423 9
3424 7
3425 9
3426 5
3427 10
3428 11
3429 8
3430 7
3431 7
3432 13
3433 6
3434 17
3435 7
3436 18
3437 3
3438 8
3439 6
3440 19
3441 8
3442 10
3443 14
3444 6
3445 10
3446 5
3447 8
3448 9
3449 11
3450 8
3451 4
3452 8
3453 8
3454 16
3455 3
3456 13
3457 3
3458 12
3459 13
3460 2
3461 2
3462 11
3463 18
3464 1
3465 8
3466 12
3467 18
3468 4
3469 2
3470 17
3471 12
3472 9
3473 2
3474 11
3475 15
3476 13
3477 6
3478 35
3479 10
3480 13
3481 7
3482 2
3483 12
3484 8
3485 15
3486 6
3487 8
3488 19
3489 19
3490 8
3491 6
3492 12
3493 11
3494 12
3495 7
3496 18
3497 4
3498 14
3499 11
3500 10
3501 11
3502 5
3503 3
3504 8
3505 10
3506 9
3507 5
3508 10
3509 15
3510 6
3511 13
3512 7
3513 8
3514 11
3515 8
3516 12
3517 6
3518 5
3519 6
3520 9
3521 5
3522 9
3523 7
3524 5
3525 12
3526 10
3527 8
3528 12
3529 8
3530 17
3531 9
3532 10
3533 10
3534 13
3535 7
3536 8
3537 8
3538 5
3539 3
3540 15
3541 16
3542 13
3543 20
3544 17
3545 13
3546 14
3547 7
3548 8
3549 1
3550 11
3551 6
3552 7
3553 3
3554 0
3555 9
3556 2
3557 6
3558 8
3559 14
3560 8
3561 12
3562 5
3563 14
3564 12
3565 14
3566 12
3567 18
3568 2
3569 10
3570 24
3571 8
3572 14
3573 4
3574 14
3575 18
3576 11
3577 19
3578 9
3579 12
3580 16
3581 10
3582 14
3583 10
3584 11
3585 16
3586 13
3587 5
3588 18
3589 19
3590 5
3591 11
3592 18
3593 19
3594 12
3595 17
3596 14
3597 19
3598 7
3599 15
3600 11
3601 13
3602 10
3603 7
3604 19
3605 32
3606 17
3607 25
3608 11
3609 21
3610 16
3611 19
3612 9
3613 18
3614 24
3615 16
3616 11
3617 15
3618 17
3619 22
3620 22
3621 9
3622 21
3623 21
3624 26
3625 11
3626 8
3627 18
3628 9
3629 7
3630 20
3631 14
3632 5
3633 12
3634 3
3635 12
3636 16
3637 11
3638 11
3639 12
3640 19
3641 15
3642 10
3643 3
3644 23
3645 15
3646 8
3647 13
3648 11
3649 14
3650 9
3651 7
3652 9
3653 4
3654 13
3655 7
3656 8
3657 2
3658 17
3659 19
3660 18
3661 7
3662 5
3663 15
3664 9
3665 14
3666 10
3667 10
3668 4
3669 5
3670 16
3671 4
3672 9
3673 12
3674 22
3675 14
3676 9
3677 18
3678 10
3679 12
3680 24
3681 12
3682 6
3683 15
3684 10
3685 12
3686 7
3687 7
3688 8
3689 5
3690 4
3691 19
3692 10
3693 16
3694 4
3695 14
3696 17
3697 17
3698 6
3699 17
3700 15
3701 14
3702 7
3703 10
3704 17
3705 11
3706 2
3707 11
3708 5
3709 5
3710 2
3711 5
3712 8
3713 15
3714 8
3715 7
3716 10
3717 14
3718 8
3719 6
3720 4
3721 12
3722 6
3723 12
3724 13
3725 7
3726 12
3727 12
3728 5
3729 4
3730 9
3731 7
3732 9
3733 6
3734 5
3735 15
3736 7
3737 6
3738 6
3739 15
3740 6
3741 7
3742 8
3743 7
3744 4
3745 11
3746 12
3747 11
3748 19
3749 6
3750 17
3751 0
3752 9
3753 6
3754 10
3755 10
3756 19
3757 6
3758 17
3759 15
3760 19
3761 12
3762 11
3763 11
3764 16
3765 5
3766 19
3767 11
3768 9
3769 9
3770 13
3771 15
3772 6
3773 16
3774 16
3775 8
3776 9
3777 17
3778 9
3779 13
3780 11
3781 4
3782 6
3783 6
3784 7
3785 11
3786 6
3787 9
3788 9
3789 17
3790 10
3791 13
3792 12
3793 11
3794 9
3795 10
3796 8
3797 10
3798 7
3799 6
3800 7
3801 12
3802 8
3803 10
3804 9
3805 4
3806 4
3807 6
3808 8
3809 4
3810 6
3811 1
3812 10
3813 2
3814 6
3815 7
3816 10
3817 5
3818 10
3819 9
3820 5
3821 15
3822 10
3823 9
3824 5
3825 17
3826 14
3827 8
3828 7
3829 17
3830 6
3831 14
3832 18
3833 6
3834 12
3835 8
3836 7
3837 9
3838 8
3839 12
3840 12
3841 5
3842 11
3843 15
3844 8
3845 10
3846 10
3847 1
3848 6
3849 17
3850 12
3851 5
3852 7
3853 10
3854 8
3855 3
3856 2
3857 4
3858 10
3859 9
3860 8
3861 15
3862 6
3863 14
3864 16
3865 12
3866 12
3867 13
3868 11
3869 1
3870 20
3871 11
3872 11
3873 12
3874 15
3875 7
3876 18
3877 12
3878 4
3879 25
3880 13
3881 17
3882 12
3883 21
3884 4
3885 7
3886 11
3887 14
3888 9
3889 4
3890 13
3891 25
3892 14
3893 11
3894 5
3895 11
3896 3
3897 9
3898 8
3899 9
3900 19
3901 16
3902 5
3903 3
3904 11
3905 15
3906 6
3907 10
3908 9
3909 14
3910 26
3911 14
3912 18
3913 5
3914 13
3915 24
3916 26
3917 10
3918 8
3919 15
3920 16
3921 21
3922 7
3923 18
3924 13
3925 8
3926 18
3927 8
3928 6
3929 10
3930 6
3931 15
3932 16
3933 9
3934 18
3935 17
3936 6
3937 12
3938 18
3939 7
3940 9
3941 1
3942 11
3943 10
3944 5
3945 12
3946 9
3947 14
3948 11
3949 13
3950 15
3951 13
3952 12
3953 21
3954 13
3955 10
3956 7
3957 6
3958 13
3959 21
3960 19
3961 10
3962 13
3963 10
3964 23
3965 23
3966 16
3967 10
3968 18
3969 3
3970 22
3971 22
3972 21
3973 14
3974 14
3975 19
3976 6
3977 12
3978 18
3979 19
3980 8
3981 24
3982 15
3983 9
3984 13
3985 15
3986 20
3987 18
3988 13
3989 16
3990 7
3991 17
3992 17
3993 20
3994 9
3995 18
3996 9
3997 10
3998 14
3999 13
4000 11
4001 19
4002 11
4003 19
4004 13
4005 14
4006 16
4007 19
4008 21
4009 8
4010 22
4011 12
4012 6
4013 20
4014 6
4015 17
4016 23
4017 13
4018 18
4019 19
4020 10
4021 11
4022 18
4023 13
4024 11
4025 19
4026 11
4027 17
4028 13
4029 15
4030 14
4031 18
4032 11
4033 10
4034 19
4035 9
4036 10
4037 25
4038 5
4039 16
4040 17
4041 22
4042 20
4043 17
4044 19
4045 7
4046 24
4047 25
4048 14
4049 17
4050 12
4051 22
4052 11
4053 10
4054 11
4055 17
4056 25
4057 16
4058 16
4059 7
4060 14
4061 11
4062 19
4063 9
4064 20
4065 11
4066 22
4067 19
4068 9
4069 11
4070 13
4071 14
4072 16
4073 5
4074 9
4075 14
4076 19
4077 8
4078 19
4079 24
4080 19
4081 8
4082 13
4083 19
4084 18
4085 33
4086 5
4087 18
4088 15
4089 15
4090 17
4091 10
4092 11
4093 17
4094 19
4095 25
4096 6
4097 8
4098 12
4099 19
4100 19
4101 13
4102 19
4103 10
4104 14
4105 9
4106 15
4107 12
4108 12
4109 25
4110 17
4111 15
4112 17
4113 17
4114 8
4115 20
4116 22
4117 13
4118 3
4119 17
4120 15
4121 9
4122 10
4123 18
4124 6
4125 17
4126 17
4127 12
4128 1
4129 7
4130 11
4131 6
4132 6
4133 2
4134 7
4135 8
4136 14
4137 5
4138 13
4139 8
4140 11
4141 9
4142 6
4143 14
4144 10
4145 19
4146 5
4147 15
4148 20
4149 19
4150 11
4151 12
4152 6
4153 10
4154 11
4155 17
4156 13
4157 12
4158 17
4159 8
4160 8
4161 11
4162 4
4163 22
4164 10
4165 17
4166 16
4167 10
4168 19
4169 18
4170 17
4171 20
4172 10
4173 11
4174 13
4175 10
4176 10
4177 7
4178 6
4179 13
4180 17
4181 2
4182 14
4183 19
4184 7
4185 13
4186 11
4187 20
4188 6
4189 9
4190 12
4191 8
4192 7
4193 5
4194 11
4195 8
4196 14
4197 12
4198 15
4199 15
4200 19
4201 14
4202 24
4203 21
4204 6
4205 11
4206 8
4207 17
4208 11
4209 6
4210 14
4211 6
4212 13
4213 11
4214 17
4215 9
4216 9
4217 13
4218 20
4219 7
4220 16
4221 16
4222 9
4223 3
4224 8
4225 11
4226 10
4227 11
4228 8
4229 7
4230 4
4231 9
4232 3
4233 15
4234 14
4235 8
4236 6
4237 8
4238 2
4239 6
4240 11
4241 3
4242 14
4243 10
4244 30
4245 11
4246 11
4247 13
4248 3
4249 8
4250 8
4251 11
4252 11
4253 11
4254 20
4255 13
4256 8
4257 7
4258 7
4259 16
4260 6
4261 18
4262 4
4263 7
4264 15
4265 13
4266 17
4267 7
4268 1
4269 11
4270 8
4271 7
4272 13
4273 23
4274 12
4275 4
4276 14
4277 16
4278 12
4279 7
4280 28
4281 7
4282 10
4283 8
4284 5
4285 5
4286 7
4287 16
4288 5
4289 6
4290 9
4291 14
4292 0
4293 22
4294 15
4295 16
4296 8
4297 4
4298 13
4299 2
4300 4
4301 5
4302 19
4303 7
4304 10
4305 16
4306 17
4307 11
4308 15
4309 9
4310 11
4311 1
4312 4
4313 6
4314 11
4315 9
4316 10
4317 13
4318 6
4319 11
4320 15
4321 6
4322 4
4323 10
4324 6
4325 16
4326 4
4327 1
4328 4
4329 4
4330 13
4331 13
4332 10
4333 7
4334 16
4335 4
4336 7
4337 9
4338 8
4339 9
4340 13
4341 13
4342 13
4343 20
4344 3
4345 7
4346 13
4347 3
4348 8
4349 9
4350 5
4351 17
4352 7
4353 5
4354 21
4355 9
4356 18
4357 10
4358 7
4359 24
4360 20
4361 14
4362 13
4363 8
4364 13
4365 13
4366 14
4367 13
4368 8
4369 19
4370 11
4371 24
4372 17
4373 30
4374 8
4375 8
4376 17
4377 8
4378 13
4379 15
4380 14
4381 26
4382 26
4383 24
4384 13
4385 12
4386 15
4387 12
4388 20
4389 19
4390 14
4391 15
4392 13
4393 16
4394 15
4395 7
4396 10
4397 11
4398 6
4399 14
4400 8
4401 24
4402 11
4403 14
4404 14
4405 2
4406 14
4407 15
4408 15
4409 11
4410 13
4411 9
4412 13
4413 10
4414 15
4415 18
4416 15
4417 2
4418 13
4419 5
4420 7
4421 3
4422 15
4423 8
4424 9
4425 8
4426 15
4427 19
4428 26
4429 12
4430 8
4431 22
4432 7
4433 14
4434 7
4435 11
4436 5
4437 10
4438 12
4439 12
4440 6
4441 22
4442 16
4443 16
4444 5
4445 4
4446 12
4447 1
4448 19
4449 5
4450 7
4451 6
4452 7
4453 2
4454 11
4455 6
4456 14
4457 7
4458 9
4459 19
4460 12
4461 5
4462 22
4463 11
4464 7
4465 11
4466 12
4467 15
4468 21
4469 13
4470 22
4471 9
4472 20
4473 24
4474 12
4475 9
4476 22
4477 9
4478 11
4479 14
4480 19
4481 23
4482 11
4483 15
4484 6
4485 11
4486 7
4487 12
4488 17
4489 9
4490 18
4491 15
4492 7
4493 13
4494 12
4495 4
4496 4
4497 24
4498 16
4499 8
4500 21
4501 23
4502 11
4503 9
4504 13
4505 20
4506 13
4507 13
4508 15
4509 16
4510 16
4511 14
4512 8
4513 20
4514 22
4515 18
4516 19
4517 20
4518 30
4519 13
4520 20
4521 10
4522 11
4523 14
4524 15
4525 13
4526 20
4527 17
4528 10
4529 11
4530 14
4531 11
4532 13
4533 14
4534 7
4535 8
4536 11
4537 5
4538 9
4539 8
4540 6
4541 18
4542 17
4543 11
4544 9
4545 12
4546 22
4547 14
4548 23
4549 25
4550 11
4551 9
4552 14
4553 9
4554 15
4555 22
4556 11
4557 7
4558 8
4559 8
4560 6
4561 13
4562 28
4563 20
4564 15
4565 16
4566 11
4567 17
4568 16
4569 15
4570 11
4571 5
4572 3
4573 10
4574 7
4575 10
4576 5
4577 11
4578 12
4579 11
4580 12
4581 10
4582 8
4583 9
4584 14
4585 19
4586 12
4587 9
4588 9
4589 12
4590 25
4591 14
4592 15
4593 9
4594 15
4595 0
4596 17
4597 11
4598 17
4599 15
4600 11
4601 9
4602 16
4603 12
4604 10
4605 13
4606 4
4607 7
4608 16
4609 16
4610 13
4611 7
4612 11
4613 14
4614 23
4615 11
4616 13
4617 16
4618 11
4619 22
4620 17
4621 12
4622 15
4623 14
4624 20
4625 9
4626 10
4627 21
4628 5
4629 11
4630 13
4631 17
4632 19
4633 10
4634 15
4635 31
4636 15
4637 20
4638 14
4639 9
4640 15
4641 18
4642 20
4643 5
4644 28
4645 23
4646 10
4647 10
4648 14
4649 10
4650 24
4651 26
4652 7
4653 8
4654 12
4655 13
4656 4
4657 19
4658 7
4659 12
4660 5
4661 6
4662 9
4663 11
4664 4
4665 2
4666 24
4667 12
4668 15
4669 11
4670 24
4671 16
4672 8
4673 21
4674 8
4675 21
4676 15
4677 20
4678 14
4679 13
4680 5
4681 10
4682 5
4683 14
4684 8
4685 13
4686 16
4687 15
4688 12
4689 10
4690 24
4691 0
4692 10
4693 12
4694 27
4695 26
4696 13
4697 8
4698 18
4699 15
4700 13
4701 15
4702 17
4703 13
4704 13
4705 15
4706 12
4707 10
4708 16
4709 21
4710 13
4711 11
4712 9
4713 0
4714 25
4715 21
4716 8
4717 22
4718 8
4719 24
4720 10
4721 15
4722 11
4723 19
4724 12
4725 15
4726 5
4727 19
4728 31
4729 18
4730 15
4731 13
4732 19
4733 6
4734 10
4735 12
4736 4
4737 10
4738 6
4739 12
4740 4
4741 10
4742 19
4743 17
4744 12
4745 7
4746 6
4747 8
4748 13
4749 13
4750 2
4751 8
4752 12
4753 11
4754 10
4755 13
4756 11
4757 11
4758 20
4759 15
4760 11
4761 25
4762 20
4763 6
4764 9
4765 27
4766 7
4767 17
4768 17
4769 11
4770 19
4771 19
4772 0
4773 7
4774 8
4775 9
4776 18
4777 13
4778 12
4779 22
4780 26
4781 19
4782 10
4783 24
4784 5
4785 14
4786 6
4787 1
4788 6
4789 10
4790 24
4791 18
4792 10
4793 4
4794 19
4795 6
4796 11
4797 21
4798 18
4799 6
4800 18
4801 10
4802 15
4803 11
4804 2
4805 12
4806 11
4807 13
4808 15
4809 2
4810 10
4811 10
4812 13
4813 8
4814 5
4815 10
4816 12
4817 27
4818 18
4819 11
4820 4
4821 8
4822 12
4823 11
4824 22
4825 11
4826 3
4827 19
4828 8
4829 12
4830 9
4831 18
4832 23
4833 13
4834 7
4835 12
4836 14
4837 19
4838 14
4839 12
4840 6
4841 10
4842 22
4843 16
4844 8
4845 19
4846 8
4847 11
4848 7
4849 12
4850 12
4851 8
4852 10
4853 12
4854 14
4855 8
4856 6
4857 13
4858 17
4859 14
4860 23
4861 16
4862 6
4863 28
4864 8
4865 17
4866 10
4867 12
4868 15
4869 16
4870 17
4871 3
4872 18
4873 16
4874 18
4875 13
4876 15
4877 8
4878 8
4879 9
4880 9
4881 9
4882 20
4883 8
4884 11
4885 4
4886 5
4887 6
4888 11
4889 9
4890 8
4891 11
4892 9
4893 5
4894 11
4895 9
4896 20
4897 8
4898 13
4899 15
4900 19
4901 8
4902 5
4903 12
4904 13
4905 15
4906 4
4907 5
4908 8
4909 4
4910 16
4911 19
4912 4
4913 17
4914 29
4915 20
4916 18
4917 16
4918 7
4919 8
4920 4
4921 10
4922 19
4923 16
4924 10
4925 5
4926 15
4927 5
4928 19
4929 8
4930 14
4931 15
4932 19
4933 22
4934 14
4935 5
4936 17
4937 5
4938 9
4939 25
4940 18
4941 11
4942 10
4943 5
4944 4
4945 12
4946 14
4947 14
4948 10
4949 6
4950 12
4951 20
4952 11
4953 7
4954 19
4955 19
4956 16
4957 10
4958 15
4959 11
4960 10
4961 10
4962 13
4963 6
4964 11
4965 18
4966 6
4967 14
4968 13
4969 7
4970 11
4971 3
4972 13
4973 7
4974 15
4975 10
4976 23
4977 25
4978 21
4979 17
4980 12
4981 16
4982 22
4983 15
4984 19
4985 11
4986 13
4987 6
4988 13
4989 11
4990 19
4991 17
4992 17
4993 8
4994 20
4995 20
4996 5
4997 21
4998 12
4999 3
5000 18
5001 21
